  663 base-pairs
...     1 A-T ...
    0.0000    0.0000    0.0000
    1.0000    0.0000    0.0000
    0.0000    1.0000    0.0000
    0.0000    0.0000    1.0000
...     2 C-G ...
    0.3695   -0.4371    3.3912
    0.8523    0.5227   -0.0183
   -0.5228    0.8524   -0.0064
    0.0123    0.0151    0.9998
...     3 A-T ...
    0.2842   -0.2554    6.7738
    0.3934    0.9118   -0.1177
   -0.9159    0.3998    0.0356
    0.0795    0.0938    0.9924
...     4 G-C ...
    0.8017    0.2438   10.0896
   -0.1739    0.9749   -0.1387
   -0.9829   -0.1633    0.0850
    0.0602    0.1511    0.9867
...     5 G-C ...
    1.3678    1.0192   13.2611
   -0.6862    0.7148   -0.1350
   -0.7271   -0.6678    0.1593
    0.0237    0.2075    0.9779
...     6 A-T ...
    1.5771    1.6279   16.5598
   -0.9775    0.1905   -0.0907
   -0.2054   -0.9574    0.2029
   -0.0482    0.2169    0.9750
...     7 T-A ...
    1.4183    2.9115   19.7431
   -0.9433   -0.3281    0.0504
    0.3311   -0.9190    0.2141
   -0.0240    0.2187    0.9755
...     8 G-C ...
    1.1765    3.3114   23.0993
   -0.5760   -0.8147    0.0674
    0.8104   -0.5583    0.1779
   -0.1073    0.1571    0.9817
...     9 T-A ...
    0.3509    4.1916   26.3197
   -0.0660   -0.9882    0.1384
    0.9902   -0.0477    0.1312
   -0.1230    0.1457    0.9816
...    10 A-T ...
    0.0067    4.5397   29.6238
    0.5413   -0.8345    0.1031
    0.8348    0.5480    0.0522
   -0.1001    0.0578    0.9933
...    11 A-T ...
   -0.4421    4.6246   32.8689
    0.9262   -0.3657    0.0921
    0.3706    0.9278   -0.0434
   -0.0696    0.0743    0.9948
...    12 C-G ...
   -0.4978    4.3360   36.2955
    0.9844    0.1719    0.0376
   -0.1679    0.9816   -0.0915
   -0.0526    0.0838    0.9951
...    13 C-G ...
   -0.3406    4.2392   39.6039
    0.7335    0.6749   -0.0809
   -0.6796    0.7301   -0.0714
    0.0109    0.1073    0.9942
...    14 T-A ...
   -0.0480    4.4194   42.9794
    0.2425    0.9582   -0.1517
   -0.9682    0.2489    0.0243
    0.0611    0.1410    0.9881
...    15 G-C ...
   -0.0404    5.2164   46.2728
   -0.3628    0.9086   -0.2070
   -0.9302   -0.3399    0.1384
    0.0554    0.2428    0.9685
...    16 C-G ...
    0.1892    6.0937   49.5297
   -0.8253    0.5552   -0.1035
   -0.5627   -0.7927    0.2344
    0.0481    0.2517    0.9666
...    17 A-T ...
    0.2847    6.7825   52.8461
   -0.9986   -0.0267   -0.0459
    0.0127   -0.9597    0.2807
   -0.0515    0.2797    0.9587
...    18 G-C ...
   -0.1595    7.8705   56.0290
   -0.8256   -0.5613    0.0568
    0.5560   -0.7922    0.2515
   -0.0962    0.2392    0.9662
...    19 A-T ...
   -0.3738    8.7863   59.2557
   -0.3529   -0.9279    0.1198
    0.9283   -0.3312    0.1692
   -0.1173    0.1709    0.9783
...    20 T-A ...
   -1.3215    9.4448   62.4920
    0.1764   -0.9610    0.2129
    0.9776    0.1964    0.0762
   -0.1151    0.1947    0.9741
...    21 A-T ...
   -1.6071    9.9785   65.7769
    0.7279   -0.6731    0.1312
    0.6820    0.7305   -0.0362
   -0.0714    0.1159    0.9907
...    22 C-G ...
   -1.8785    9.8034   69.2008
    0.9781   -0.1940    0.0747
    0.2013    0.9738   -0.1059
   -0.0522    0.1186    0.9916
...    23 T-A ...
   -2.0553    9.8915   72.5880
    0.9307    0.3635   -0.0402
   -0.3657    0.9264   -0.0894
    0.0047    0.0979    0.9952
...    24 A-T ...
   -1.9407   10.3379   75.8962
    0.5316    0.8295   -0.1715
   -0.8437    0.5365   -0.0202
    0.0753    0.1554    0.9850
...    25 C-G ...
   -1.1203   10.9369   79.1819
    0.0108    0.9846   -0.1747
   -0.9976    0.0226    0.0661
    0.0690    0.1736    0.9824
...    26 C-G ...
   -0.4681   11.7544   82.3261
   -0.5407    0.8236   -0.1712
   -0.8393   -0.5144    0.1762
    0.0571    0.2390    0.9693
...    27 A-T ...
   -0.4026   12.4389   85.6442
   -0.9261    0.3524   -0.1346
   -0.3765   -0.8856    0.2718
   -0.0234    0.3024    0.9529
...    28 A-T ...
   -0.4387   13.5766   88.7172
   -0.9727   -0.2308    0.0259
    0.2289   -0.9340    0.2742
   -0.0391    0.2726    0.9613
...    29 A-T ...
   -0.6233   14.6122   91.8209
   -0.6606   -0.7339    0.1580
    0.7500   -0.6356    0.1831
   -0.0340    0.2394    0.9703
...    30 A-T ...
   -0.8672   15.4815   94.9712
   -0.1051   -0.9714    0.2130
    0.9944   -0.1005    0.0322
   -0.0099    0.2152    0.9765
...    31 G-C ...
   -1.0844   15.9634   98.3227
    0.4538   -0.8805    0.1371
    0.8908    0.4438   -0.0981
    0.0255    0.1667    0.9857
...    32 T-A ...
   -1.5325   16.2888  101.7170
    0.8522   -0.5205    0.0535
    0.5225    0.8410   -0.1404
    0.0281    0.1476    0.9886
...    33 G-C ...
   -1.0697   16.8755  105.0221
    0.9900    0.0431   -0.1343
   -0.0586    0.9917   -0.1141
    0.1283    0.1208    0.9844
...    34 T-A ...
   -0.6248   16.7010  108.4279
    0.8116    0.5537   -0.1861
   -0.5655    0.8247   -0.0122
    0.1467    0.1152    0.9824
...    35 A-T ...
   -0.0678   17.2233  111.6796
    0.3058    0.9208   -0.2422
   -0.9307    0.3427    0.1278
    0.2006    0.1863    0.9618
...    36 T-A ...
    1.1586   17.7684  114.8426
   -0.2160    0.9692   -0.1184
   -0.9558   -0.1851    0.2285
    0.1995    0.1625    0.9663
...    37 T-A ...
    1.9965   18.4847  117.9287
   -0.7293    0.6834    0.0327
   -0.6478   -0.7052    0.2882
    0.2200    0.1890    0.9570
...    38 T-A ...
    2.7549   19.3640  120.9932
   -0.9703    0.1495    0.1904
   -0.0995   -0.9633    0.2493
    0.2207    0.2229    0.9495
...    39 G-C ...
    3.2131   19.8932  124.3087
   -0.8685   -0.4517    0.2041
    0.4808   -0.8678    0.1257
    0.1203    0.2073    0.9709
...    40 G-C ...
    3.2199   20.8338  127.4859
   -0.4706   -0.8649    0.1745
    0.8789   -0.4770    0.0058
    0.0782    0.1561    0.9846
...    41 A-T ...
    3.5259   21.5068  130.7646
    0.1090   -0.9912    0.0750
    0.9898    0.1013   -0.0999
    0.0914    0.0851    0.9922
...    42 A-T ...
    3.6703   21.7488  134.0296
    0.6587   -0.7522   -0.0187
    0.7418    0.6533   -0.1512
    0.1259    0.0857    0.9883
...    43 A-T ...
    3.9785   21.9101  137.2882
    0.9631   -0.2383   -0.1247
    0.2209    0.9654   -0.1388
    0.1534    0.1061    0.9824
...    44 C-G ...
    4.7582   21.7599  140.6345
    0.9336    0.2995   -0.1968
   -0.3162    0.9468   -0.0594
    0.1685    0.1177    0.9786
...    45 T-A ...
    5.4841   21.8845  143.9464
    0.6011    0.7618   -0.2415
   -0.7662    0.6352    0.0968
    0.2271    0.1268    0.9656
...    46 G-C ...
    6.2010   22.6864  147.1597
    0.0284    0.9712   -0.2364
   -0.9646    0.0886    0.2484
    0.2622    0.2209    0.9394
...    47 C-G ...
    7.1473   23.4663  150.3102
   -0.5242    0.8491   -0.0653
   -0.8112   -0.4745    0.3417
    0.2592    0.2321    0.9375
...    48 T-A ...
    8.2400   24.4503  153.3679
   -0.8930    0.4411    0.0893
   -0.3841   -0.8503    0.3598
    0.2347    0.2870    0.9288
...    49 C-G ...
    8.6605   25.5423  156.5187
   -0.9640   -0.1403    0.2261
    0.2035   -0.9361    0.2868
    0.1714    0.3224    0.9309
...    50 C-G ...
    8.8827   26.9588  159.5059
   -0.7043   -0.6491    0.2874
    0.7014   -0.6988    0.1407
    0.1095    0.3006    0.9474
...    51 A-T ...
    9.4058   27.8777  162.7253
   -0.1828   -0.9581    0.2205
    0.9812   -0.1920   -0.0204
    0.0619    0.2127    0.9752
...    52 T-A ...
    9.0552   28.5978  166.0666
    0.3535   -0.9136    0.2008
    0.9335    0.3308   -0.1381
    0.0597    0.2362    0.9699
...    53 C-G ...
    9.4323   29.0466  169.3761
    0.8191   -0.5729    0.0309
    0.5680    0.8023   -0.1835
    0.0804    0.1678    0.9825
...    54 A-T ...
    9.7728   29.7799  172.6668
    0.9839   -0.0238   -0.1773
   -0.0009    0.9904   -0.1382
    0.1789    0.1361    0.9744
...    55 A-T ...
   10.3789   30.0679  175.8745
    0.7983    0.5496   -0.2463
   -0.5742    0.8179   -0.0361
    0.1816    0.1703    0.9685
...    56 A-T ...
   11.0810   30.5069  179.0452
    0.3157    0.9171   -0.2435
   -0.9346    0.3449    0.0872
    0.1639    0.2001    0.9660
...    57 A-T ...
   11.7724   31.1262  182.1882
   -0.2859    0.9431   -0.1700
   -0.9491   -0.2541    0.1862
    0.1324    0.2146    0.9677
...    58 G-C ...
   12.2914   32.1441  185.3829
   -0.7636    0.6380   -0.0990
   -0.6406   -0.7294    0.2399
    0.0809    0.2467    0.9657
...    59 G-C ...
   12.6555   33.3938  188.4301
   -0.9929    0.1179   -0.0158
   -0.1178   -0.9564    0.2671
    0.0163    0.2671    0.9635
...    60 C-G ...
   12.6786   34.3596  191.6698
   -0.8861   -0.4458    0.1270
    0.4635   -0.8550    0.2327
    0.0048    0.2651    0.9642
...    61 A-T ...
   12.8126   35.1222  194.9688
   -0.4565   -0.8785    0.1410
    0.8871   -0.4374    0.1473
   -0.0677    0.1923    0.9790
...    62 T-A ...
   12.0441   35.9174  198.2219
    0.0677   -0.9732    0.2197
    0.9957    0.0798    0.0465
   -0.0628    0.2156    0.9744
...    63 G-C ...
   12.1206   36.4063  201.5741
    0.6312   -0.7679    0.1094
    0.7752    0.6292   -0.0564
   -0.0255    0.1204    0.9924
...    64 T-A ...
   11.5631   36.4634  204.9673
    0.9436   -0.3270    0.0516
    0.3305    0.9395   -0.0903
   -0.0190    0.1023    0.9946
...    65 T-A ...
   11.5653   36.5346  208.2437
    0.9611    0.2759   -0.0130
   -0.2762    0.9586   -0.0691
   -0.0066    0.0700    0.9975
...    66 C-G ...
   11.9038   36.9169  211.5657
    0.6300    0.7693   -0.1064
   -0.7740    0.6332   -0.0040
    0.0643    0.0848    0.9943
...    67 A-T ...
   11.9589   37.2859  214.9336
    0.0635    0.9802   -0.1874
   -0.9928    0.0811    0.0878
    0.1013    0.1805    0.9783
...    68 G-C ...
   12.4735   38.1463  218.1750
   -0.4932    0.8536   -0.1678
   -0.8676   -0.4684    0.1669
    0.0639    0.2279    0.9716
...    69 C-G ...
   12.7230   38.9788  221.4421
   -0.8976    0.4374   -0.0550
   -0.4373   -0.8678    0.2359
    0.0554    0.2358    0.9702
...    70 T-A ...
   12.9883   40.0707  224.6435
   -0.9922   -0.1181    0.0386
    0.1242   -0.9557    0.2668
    0.0054    0.2695    0.9630
...    71 G-C ...
   12.7763   40.6876  227.9687
   -0.7372   -0.6698    0.0892
    0.6698   -0.7069    0.2273
   -0.0892    0.2273    0.9697
...    72 G-C ...
   12.0463   41.5801  231.0752
   -0.2437   -0.9605    0.1342
    0.9627   -0.2228    0.1537
   -0.1177    0.1666    0.9790
...    73 A-T ...
   11.6567   42.2946  234.3362
    0.3567   -0.9256    0.1266
    0.9301    0.3645    0.0446
   -0.0874    0.1018    0.9910
...    74 T-A ...
   10.8880   42.3363  237.6848
    0.7848   -0.6002    0.1545
    0.6113    0.7907   -0.0339
   -0.1018    0.1210    0.9874
...    75 T-A ...
   10.5321   42.4623  240.9401
    0.9941   -0.0330    0.1036
    0.0417    0.9957   -0.0827
   -0.1004    0.0865    0.9912
...    76 C-G ...
   10.5841   42.7817  244.2855
    0.8437    0.5365   -0.0183
   -0.5360    0.8402   -0.0818
   -0.0285    0.0788    0.9965
...    77 C-G ...
   10.9396   42.8242  247.5796
    0.4132    0.9024   -0.1223
   -0.9104    0.4125   -0.0326
    0.0210    0.1248    0.9920
...    78 A-T ...
   10.8324   43.2841  250.9351
   -0.1867    0.9582   -0.2166
   -0.9819   -0.1747    0.0734
    0.0325    0.2263    0.9735
...    79 G-C ...
   11.0456   44.3335  254.1546
   -0.6925    0.6932   -0.1997
   -0.7213   -0.6713    0.1708
   -0.0157    0.2623    0.9649
...    80 C-G ...
   11.0092   45.2885  257.3974
   -0.9786    0.1901   -0.0792
   -0.2043   -0.9446    0.2571
   -0.0259    0.2677    0.9631
...    81 T-A ...
   10.9228   46.4962  260.5669
   -0.9292   -0.3684    0.0303
    0.3602   -0.8842    0.2974
   -0.0827    0.2872    0.9543
...    82 G-C ...
   10.4948   47.1257  263.8689
   -0.5421   -0.8343    0.1008
    0.8243   -0.5045    0.2569
   -0.1635    0.2223    0.9612
...    83 A-T ...
   10.0022   48.0173  267.0718
    0.0369   -0.9865    0.1592
    0.9870    0.0609    0.1485
   -0.1562    0.1517    0.9760
...    84 A-T ...
    9.3352   48.4837  270.2463
    0.6037   -0.7733    0.1939
    0.7878    0.6159    0.0031
   -0.1218    0.1509    0.9810
...    85 C-G ...
    8.8010   48.4403  273.6434
    0.9286   -0.3400    0.1489
    0.3567    0.9283   -0.1050
   -0.1025    0.1506    0.9833
...    86 A-T ...
    8.4807   49.1285  276.9458
    0.9702    0.2396   -0.0364
   -0.2423    0.9598   -0.1414
    0.0010    0.1460    0.9893
...    87 T-A ...
    8.7253   49.1218  280.3731
    0.7040    0.7055   -0.0813
   -0.7099    0.6959   -0.1086
   -0.0201    0.1341    0.9908
...    88 G-C ...
    8.6525   49.9498  283.6581
    0.1687    0.9594   -0.2260
   -0.9853    0.1708   -0.0107
    0.0283    0.2245    0.9741
...    89 C-G ...
    8.8149   50.7360  286.9421
   -0.4174    0.8857   -0.2034
   -0.9083   -0.4000    0.1221
    0.0268    0.2358    0.9714
...    90 C-G ...
    9.1784   51.9104  290.0192
   -0.8468    0.5061   -0.1638
   -0.5318   -0.8126    0.2385
   -0.0124    0.2891    0.9572
...    91 T-A ...
    9.2468   53.1696  293.1690
   -0.9982   -0.0330   -0.0504
    0.0147   -0.9447    0.3277
   -0.0584    0.3264    0.9434
...    92 T-A ...
    8.9051   54.4463  296.1678
   -0.8059   -0.5739    0.1456
    0.5865   -0.7401    0.3290
   -0.0811    0.3505    0.9330
...    93 T-A ...
    8.3872   55.6752  299.1613
   -0.3184   -0.8971    0.3063
    0.9410   -0.2600    0.2166
   -0.1146    0.3571    0.9270
...    94 T-A ...
    7.7508   56.7682  302.1845
    0.2845   -0.8834    0.3724
    0.9474    0.3185    0.0318
   -0.1467    0.3438    0.9275
...    95 G-C ...
    7.5893   57.7772  305.4154
    0.7883   -0.5707    0.2299
    0.6088    0.7775   -0.1574
   -0.0890    0.2640    0.9604
...    96 A-T ...
    7.1492   58.7257  308.6096
    0.9986   -0.0441    0.0293
    0.0503    0.9628   -0.2653
   -0.0165    0.2665    0.9637
...    97 T-A ...
    7.1764   59.0940  312.0256
    0.8795    0.4674   -0.0899
   -0.4742    0.8446   -0.2484
   -0.0402    0.2611    0.9645
...    98 G-C ...
    7.1464   60.3265  315.1820
    0.4485    0.8381   -0.3105
   -0.8932    0.4330   -0.1212
    0.0328    0.3317    0.9428
...    99 G-C ...
    7.7211   61.4179  318.2574
   -0.1157    0.9143   -0.3882
   -0.9926   -0.0916    0.0801
    0.0376    0.3945    0.9181
...   100 A-T ...
    7.8981   62.6048  321.3969
   -0.6623    0.6683   -0.3388
   -0.7491   -0.5991    0.2826
   -0.0141    0.4410    0.8974
...   101 G-C ...
    7.7898   64.3678  324.2937
   -0.9610    0.2067   -0.1836
   -0.2663   -0.8707    0.4135
   -0.0744    0.4463    0.8918
...   102 C-G ...
    7.5167   65.9375  327.2755
   -0.9426   -0.3260    0.0720
    0.3226   -0.8338    0.4480
   -0.0860    0.4455    0.8911
...   103 A-T ...
    7.3204   67.3097  330.3675
   -0.5742   -0.7867    0.2267
    0.8013   -0.4831    0.3529
   -0.1682    0.3843    0.9078
...   104 G-C ...
    6.4727   68.4724  333.4402
   -0.0344   -0.9443    0.3273
    0.9863    0.0209    0.1638
   -0.1615    0.3284    0.9306
...   105 T-A ...
    5.3467   69.5960  336.4894
    0.4883   -0.7980    0.3532
    0.8562    0.5163   -0.0174
   -0.1685    0.3109    0.9354
...   106 T-A ...
    4.6731   70.3755  339.6004
    0.8939   -0.3536    0.2754
    0.4104    0.8928   -0.1858
   -0.1802    0.2792    0.9432
...   107 T-A ...
    4.1231   71.0309  342.7638
    0.9672    0.2267    0.1146
   -0.1878    0.9420   -0.2780
   -0.1710    0.2473    0.9537
...   108 C-G ...
    3.9191   71.9856  345.9799
    0.6947    0.7095   -0.1187
   -0.7124    0.6557   -0.2501
   -0.0996    0.2583    0.9609
...   109 C-G ...
    4.0772   72.7396  349.2026
    0.1968    0.9347   -0.2959
   -0.9785    0.1681   -0.1197
   -0.0621    0.3131    0.9477
...   110 A-T ...
    3.6852   73.7918  352.3998
   -0.3936    0.8261   -0.4033
   -0.9163   -0.3877    0.1001
   -0.0737    0.4089    0.9096
...   111 A-T ...
    3.5811   75.2090  355.3528
   -0.8488    0.4410   -0.2917
   -0.5178   -0.8046    0.2906
   -0.1065    0.3977    0.9113
...   112 A-T ...
    3.2969   76.6475  358.2836
   -0.9894   -0.1138   -0.0905
    0.0711   -0.9217    0.3813
   -0.1269    0.3708    0.9200
...   113 T-A ...
    2.7178   78.3992  361.1821
   -0.8120   -0.5662    0.1416
    0.5743   -0.7318    0.3671
   -0.1042    0.3794    0.9193
...   114 A-T ...
    2.3034   79.5324  364.2967
   -0.3047   -0.9190    0.2501
    0.9393   -0.2463    0.2390
   -0.1580    0.3078    0.9382
...   115 C-G ...
    1.2443   80.3442  367.4664
    0.2341   -0.9177    0.3209
    0.9609    0.2685    0.0669
   -0.1476    0.2927    0.9447
...   116 A-T ...
    0.9064   81.4190  370.6623
    0.7551   -0.6224    0.2059
    0.6490    0.7542   -0.1002
   -0.0929    0.2093    0.9734
...   117 C-G ...
    0.5866   81.5690  374.0832
    0.9845   -0.1401    0.1053
    0.1590    0.9670   -0.1993
   -0.0739    0.2130    0.9743
...   118 T-A ...
    0.3502   81.9815  377.4426
    0.9140    0.4006   -0.0648
   -0.4055    0.8952   -0.1850
   -0.0161    0.1954    0.9806
...   119 T-A ...
    0.5253   82.4743  380.6777
    0.5114    0.8438   -0.1626
   -0.8592    0.5055   -0.0795
    0.0151    0.1804    0.9835
...   120 T-A ...
    0.8465   83.0729  383.8837
   -0.0793    0.9802   -0.1815
   -0.9956   -0.0689    0.0631
    0.0494    0.1858    0.9814
...   121 T-A ...
    1.2234   83.8402  387.0473
   -0.6404    0.7595   -0.1145
   -0.7645   -0.6159    0.1903
    0.0740    0.2094    0.9750
...   122 G-C ...
    1.0950   84.5804  390.3516
   -0.9662    0.2451   -0.0804
   -0.2576   -0.9326    0.2527
   -0.0131    0.2649    0.9642
...   123 G-C ...
    0.9485   85.8883  393.3926
   -0.9466   -0.3225    0.0068
    0.3124   -0.9115    0.2676
   -0.0801    0.2554    0.9635
...   124 T-A ...
    0.5165   87.2973  396.5000
   -0.6425   -0.7545    0.1339
    0.7598   -0.6046    0.2391
   -0.0994    0.2553    0.9617
...   125 A-T ...
    0.1551   88.0006  399.7452
   -0.0595   -0.9845    0.1648
    0.9893   -0.0362    0.1415
   -0.1333    0.1715    0.9761
...   126 G-C ...
   -0.4661   88.3212  403.0653
    0.4965   -0.8539    0.1563
    0.8627    0.5053    0.0197
   -0.0958    0.1250    0.9875
...   127 T-A ...
   -1.3098   88.4688  406.3960
    0.8754   -0.4651    0.1314
    0.4745    0.8789   -0.0500
   -0.0923    0.1061    0.9901
...   128 A-T ...
   -1.4624   88.8264  409.7135
    0.9908    0.1352   -0.0100
   -0.1355    0.9867   -0.0897
   -0.0022    0.0902    0.9959
...   129 T-A ...
   -1.2854   88.6041  413.1376
    0.7769    0.6289   -0.0318
   -0.6292    0.7733   -0.0780
   -0.0245    0.0806    0.9964
...   130 C-G ...
   -1.0935   89.1506  416.4483
    0.2785    0.9520   -0.1268
   -0.9598    0.2807   -0.0007
    0.0350    0.1219    0.9919
...   131 T-A ...
   -0.6618   89.5360  419.7915
   -0.2922    0.9443   -0.1515
   -0.9545   -0.2779    0.1085
    0.0604    0.1763    0.9825
...   132 G-C ...
   -0.7950   90.3053  423.0889
   -0.7901    0.5923   -0.1581
   -0.6130   -0.7625    0.2070
    0.0021    0.2605    0.9655
...   133 C-G ...
   -0.7817   91.2557  426.3333
   -0.9982    0.0553   -0.0243
   -0.0598   -0.9628    0.2635
   -0.0088    0.2644    0.9644
...   134 A-T ...
   -0.7826   91.9771  429.6442
   -0.8459   -0.5322    0.0354
    0.5221   -0.8126    0.2591
   -0.1091    0.2376    0.9652
...   135 G-C ...
   -1.4601   92.7642  432.8742
   -0.4173   -0.9018    0.1127
    0.9000   -0.3928    0.1890
   -0.1262    0.1803    0.9755
...   136 G-C ...
   -2.3371   93.3218  436.0206
    0.1516   -0.9795    0.1324
    0.9800    0.1664    0.1089
   -0.1287    0.1133    0.9852
...   137 T-A ...
   -3.3527   93.6318  439.2917
    0.6432   -0.7493    0.1577
    0.7542    0.6555    0.0384
   -0.1322    0.0943    0.9867
...   138 G-C ...
   -3.4222   93.9276  442.6666
    0.9683   -0.2440    0.0531
    0.2457    0.9690   -0.0272
   -0.0448    0.0394    0.9982
...   139 A-T ...
   -3.7298   94.0654  446.0107
    0.9362    0.3487   -0.0442
   -0.3508    0.9347   -0.0577
    0.0212    0.0696    0.9974
...   140 T-A ...
   -3.3611   93.8254  449.4183
    0.6192    0.7840   -0.0444
   -0.7852    0.6183   -0.0330
    0.0016    0.0553    0.9985
...   141 T-A ...
   -3.0851   93.9807  452.6801
    0.0514    0.9970   -0.0582
   -0.9980    0.0534    0.0333
    0.0363    0.0564    0.9978
...   142 C-G ...
   -2.9875   94.5577  455.9898
   -0.5297    0.8439   -0.0850
   -0.8470   -0.5210    0.1058
    0.0450    0.1281    0.9907
...   143 T-A ...
   -2.6078   95.2044  459.2987
   -0.9074    0.4162   -0.0583
   -0.4197   -0.8906    0.1749
    0.0209    0.1832    0.9829
...   144 C-G ...
   -2.9082   95.9385  462.5648
   -0.9840   -0.1779   -0.0034
    0.1727   -0.9597    0.2215
   -0.0427    0.2174    0.9752
...   145 C-G ...
   -3.3795   97.0111  465.6643
   -0.7245   -0.6868    0.0573
    0.6810   -0.7007    0.2126
   -0.1059    0.1930    0.9755
...   146 A-T ...
   -3.5879   97.5669  469.0005
   -0.1896   -0.9793    0.0716
    0.9696   -0.1752    0.1710
   -0.1549    0.1018    0.9827
...   147 G-C ...
   -4.3139   97.6755  472.3130
    0.3782   -0.9209    0.0940
    0.9174    0.3865    0.0953
   -0.1241    0.0502    0.9910
...   148 G-C ...
   -5.0181   97.4799  475.5450
    0.8252   -0.5611    0.0646
    0.5597    0.8277    0.0408
   -0.0764    0.0025    0.9971
...   149 G-C ...
   -5.3206   97.0236  478.8130
    0.9998   -0.0166    0.0099
    0.0164    0.9998    0.0113
   -0.0101   -0.0112    0.9999
...   150 C-G ...
   -5.3163   96.9242  482.1923
    0.8345    0.5510    0.0034
   -0.5510    0.8345    0.0072
    0.0011   -0.0079    1.0000
...   151 G-C ...
   -5.6739   97.3564  485.6837
    0.3609    0.9304   -0.0643
   -0.9314    0.3631    0.0266
    0.0481    0.0503    0.9976
...   152 G-C ...
   -5.0524   97.5738  488.9312
   -0.2106    0.9718   -0.1056
   -0.9765   -0.2040    0.0699
    0.0464    0.1178    0.9920
...   153 C-G ...
   -4.8442   98.0229  492.2755
   -0.7257    0.6855   -0.0587
   -0.6868   -0.7168    0.1207
    0.0407    0.1280    0.9909
...   154 C-G ...
   -4.6101   98.9260  495.4550
   -0.9840    0.1725   -0.0450
   -0.1775   -0.9712    0.1588
   -0.0163    0.1643    0.9863
...   155 A-T ...
   -4.6576   99.3023  498.8223
   -0.9010   -0.4317   -0.0435
    0.4172   -0.8896    0.1858
   -0.1189    0.1493    0.9816
...   156 G-C ...
   -5.3665   99.8300  502.0981
   -0.5198   -0.8543    0.0058
    0.8423   -0.5113    0.1705
   -0.1427    0.0935    0.9853
...   157 T-A ...
   -6.3322  100.4682  505.3366
   -0.0009   -0.9966    0.0820
    0.9875    0.0120    0.1571
   -0.1576    0.0812    0.9842
...   158 A-T ...
   -6.7830  100.6043  508.6433
    0.5950   -0.8004    0.0729
    0.7933    0.5994    0.1065
   -0.1289   -0.0055    0.9916
...   159 C-G ...
   -7.3472  100.0277  511.9866
    0.9241   -0.3689    0.0996
    0.3660    0.9295    0.0463
   -0.1097   -0.0063    0.9939
...   160 T-A ...
   -7.7721   99.6965  515.3364
    0.9780    0.1987    0.0636
   -0.2006    0.9794    0.0247
   -0.0573   -0.0369    0.9977
...   161 T-A ...
   -7.7689   99.3817  518.5984
    0.6823    0.7284    0.0632
   -0.7305    0.6827    0.0180
   -0.0301   -0.0585    0.9978
...   162 A-T ...
   -7.8320   99.3376  521.9376
    0.1201    0.9924   -0.0254
   -0.9927    0.1203    0.0056
    0.0086    0.0245    0.9997
...   163 C-G ...
   -7.3245   99.7350  525.3158
   -0.4167    0.9083   -0.0370
   -0.9090   -0.4165    0.0116
   -0.0049    0.0385    0.9992
...   164 A-T ...
   -7.4860   99.7552  528.7005
   -0.8589    0.4972   -0.1225
   -0.5066   -0.8600    0.0610
   -0.0750    0.1145    0.9906
...   165 T-A ...
   -7.5569  100.6720  532.0111
   -0.9986   -0.0178   -0.0500
    0.0122   -0.9939    0.1092
   -0.0516    0.1085    0.9928
...   166 G-C ...
   -7.9931  100.7630  535.3702
   -0.8008   -0.5941   -0.0761
    0.5798   -0.8008    0.1499
   -0.1500    0.0760    0.9858
...   167 C-G ...
   -8.5671  101.0451  538.6899
   -0.3318   -0.9433    0.0109
    0.9302   -0.3252    0.1701
   -0.1569    0.0665    0.9854
...   168 G-C ...
   -8.5561  101.1333  542.2251
    0.2780   -0.9599    0.0368
    0.9473    0.2803    0.1549
   -0.1590   -0.0083    0.9872
...   169 G-C ...
   -9.4091  100.7814  545.4075
    0.7602   -0.6478    0.0497
    0.6391    0.7594    0.1220
   -0.1167   -0.0610    0.9913
...   170 C-G ...
   -9.8126  100.5032  548.7526
    0.9895   -0.1051    0.0988
    0.0978    0.9923    0.0761
   -0.1060   -0.0656    0.9922
...   171 G-C ...
  -10.1732  100.8578  552.2525
    0.8691    0.4918    0.0535
   -0.4936    0.8693    0.0276
   -0.0330   -0.0504    0.9982
...   172 G-C ...
   -9.8881  100.4399  555.5272
    0.4582    0.8888   -0.0066
   -0.8888    0.4583    0.0063
    0.0087    0.0030    1.0000
...   173 A-T ...
   -9.9001  100.2979  558.8851
   -0.1311    0.9886   -0.0741
   -0.9914   -0.1311    0.0039
   -0.0059    0.0740    0.9972
...   174 C-G ...
   -9.5352  100.9715  562.2379
   -0.6297    0.7727   -0.0794
   -0.7765   -0.6291    0.0356
   -0.0224    0.0841    0.9962
...   175 A-T ...
   -9.7242  101.1136  565.6182
   -0.9548    0.2607   -0.1430
   -0.2765   -0.9553    0.1049
   -0.1093    0.1397    0.9841
...   176 G-C ...
  -10.3064  101.8051  568.8885
   -0.9429   -0.3101   -0.1217
    0.2902   -0.9440    0.1570
   -0.1635    0.1127    0.9801
...   177 G-C ...
  -11.1681  102.4978  572.0122
   -0.6179   -0.7821   -0.0810
    0.7564   -0.6194    0.2102
   -0.2146    0.0686    0.9743
...   178 A-T ...
  -11.8184  102.8689  575.2887
   -0.0602   -0.9980   -0.0172
    0.9749   -0.0624    0.2139
   -0.2145   -0.0039    0.9767
...   179 T-A ...
  -13.0888  102.7792  578.4799
    0.4486   -0.8858    0.1189
    0.8664    0.4637    0.1855
   -0.2194    0.0198    0.9754
...   180 G-C ...
  -13.4734  102.7360  581.8463
    0.8827   -0.4576    0.1068
    0.4462    0.8875    0.1152
   -0.1475   -0.0540    0.9876
...   181 T-A ...
  -14.2567  102.0426  585.1225
    0.9875    0.0746    0.1391
   -0.0833    0.9949    0.0572
   -0.1341   -0.0681    0.9886
...   182 A-T ...
  -14.5762  101.9012  588.4443
    0.7557    0.6522    0.0595
   -0.6530    0.7573   -0.0077
   -0.0500   -0.0330    0.9982
...   183 A-T ...
  -14.6207  101.6865  591.7140
    0.2406    0.9704    0.0218
   -0.9681    0.2415   -0.0672
   -0.0704   -0.0049    0.9975
...   184 C-G ...
  -14.3475  101.9228  595.1342
   -0.2996    0.9534   -0.0348
   -0.9505   -0.3015   -0.0751
   -0.0821    0.0106    0.9966
...   185 C-G ...
  -14.2917  102.3357  598.4214
   -0.7647    0.6306   -0.1324
   -0.6342   -0.7729   -0.0180
   -0.1137    0.0702    0.9910
...   186 T-A ...
  -14.5286  102.8511  601.7666
   -0.9808    0.1028   -0.1656
   -0.1200   -0.9880    0.0970
   -0.1536    0.1150    0.9814
...   187 G-C ...
  -15.3392  102.9978  605.0535
   -0.8520   -0.4931   -0.1760
    0.4581   -0.8648    0.2056
   -0.2536    0.0946    0.9627
...   188 C-G ...
  -16.2581  103.3507  608.2877
   -0.4416   -0.8963   -0.0399
    0.8582   -0.4350    0.2724
   -0.2616    0.0861    0.9613
...   189 A-T ...
  -16.9730  103.6002  611.5906
    0.1576   -0.9871    0.0281
    0.9481    0.1592    0.2753
   -0.2762   -0.0167    0.9610
...   190 G-C ...
  -18.0122  103.2539  614.8018
    0.6644   -0.7384    0.1157
    0.7110    0.6721    0.2066
   -0.2303   -0.0550    0.9716
...   191 A-T ...
  -18.9110  103.1607  618.0391
    0.9655   -0.2184    0.1420
    0.2057    0.9736    0.0986
   -0.1598   -0.0660    0.9849
...   192 T-A ...
  -19.4588  102.3769  621.3393
    0.9283    0.3162    0.1955
   -0.3232    0.9463    0.0043
   -0.1837   -0.0672    0.9807
...   193 A-T ...
  -19.9698  102.2676  624.6383
    0.5711    0.8175    0.0743
   -0.8133    0.5757   -0.0839
   -0.1113   -0.0125    0.9937
...   194 C-G ...
  -19.7808  102.2756  628.0722
    0.0637    0.9980    0.0013
   -0.9911    0.0634   -0.1167
   -0.1166    0.0062    0.9932
...   195 T-A ...
  -19.8650  102.3400  631.4634
   -0.4821    0.8695   -0.1076
   -0.8700   -0.4897   -0.0584
   -0.1035    0.0655    0.9925
...   196 A-T ...
  -20.3420  102.6395  634.7557
   -0.8910    0.4040   -0.2072
   -0.4212   -0.9059    0.0445
   -0.1697    0.1269    0.9773
...   197 C-G ...
  -21.0628  103.6151  637.9739
   -0.9764   -0.1314   -0.1713
    0.1079   -0.9843    0.1400
   -0.1870    0.1182    0.9752
...   198 C-G ...
  -21.9772  104.3853  641.0643
   -0.7446   -0.6552   -0.1275
    0.6189   -0.7492    0.2360
   -0.2501    0.0968    0.9634
...   199 A-T ...
  -22.6839  104.6057  644.3710
   -0.2272   -0.9717   -0.0642
    0.9257   -0.2359    0.2956
   -0.3024    0.0077    0.9532
...   200 A-T ...
  -23.8252  104.6482  647.4426
    0.3561   -0.9294    0.0970
    0.8943    0.3691    0.2528
   -0.2708   -0.0033    0.9626
...   201 A-T ...
  -24.8460  104.5597  650.5555
    0.8132   -0.5451    0.2037
    0.5308    0.8383    0.1245
   -0.2386    0.0068    0.9711
...   202 A-T ...
  -25.6944  104.4377  653.7185
    0.9755    0.0392    0.2164
   -0.0309    0.9986   -0.0420
   -0.2178    0.0342    0.9754
...   203 G-C ...
  -26.1634  104.4077  657.0787
    0.8126    0.5742    0.0997
   -0.5561    0.8152   -0.1621
   -0.1744    0.0763    0.9817
...   204 T-A ...
  -26.4473  104.1731  660.4981
    0.4040    0.9147   -0.0118
   -0.9014    0.3959   -0.1755
   -0.1559    0.0815    0.9844
...   205 G-C ...
  -27.1092  104.7983  663.7620
   -0.1716    0.9631   -0.2071
   -0.9748   -0.1964   -0.1056
   -0.1424    0.1838    0.9726
...   206 T-A ...
  -27.0145  105.5130  667.1248
   -0.6542    0.7160   -0.2437
   -0.7434   -0.6681    0.0329
   -0.1392    0.2027    0.9693
...   207 A-T ...
  -27.6245  106.2358  670.3282
   -0.9515    0.1637   -0.2606
   -0.2186   -0.9556    0.1977
   -0.2167    0.2451    0.9450
...   208 T-A ...
  -28.3443  107.6107  673.3937
   -0.9318   -0.3494   -0.0983
    0.3074   -0.9037    0.2980
   -0.1929    0.2474    0.9495
...   209 T-A ...
  -29.1824  108.5735  676.4120
   -0.5821   -0.8082    0.0893
    0.7823   -0.5267    0.3327
   -0.2218    0.2635    0.9388
...   210 T-A ...
  -30.1716  109.4347  679.4152
   -0.0221   -0.9647    0.2624
    0.9666    0.0464    0.2522
   -0.2555    0.2592    0.9314
...   211 G-C ...
  -30.7759  110.0636  682.6896
    0.5604   -0.7843    0.2662
    0.7965    0.5984    0.0863
   -0.2270    0.1636    0.9601
...   212 G-C ...
  -31.7280  110.1821  685.8612
    0.9181   -0.3389    0.2055
    0.3576    0.9319   -0.0612
   -0.1708    0.1297    0.9767
...   213 A-T ...
  -32.4546  110.6389  689.1108
    0.9679    0.2433    0.0629
   -0.2296    0.9579   -0.1726
   -0.1022    0.1526    0.9830
...   214 A-T ...
  -32.7327  110.9915  692.3570
    0.6595    0.7484   -0.0704
   -0.7440    0.6365   -0.2032
   -0.1073    0.1864    0.9766
...   215 A-T ...
  -32.9522  111.5162  695.5844
    0.1108    0.9742   -0.1967
   -0.9852    0.0815   -0.1510
   -0.1311    0.2105    0.9688
...   216 C-G ...
  -32.9253  112.5542  698.8630
   -0.4181    0.8691   -0.2643
   -0.8968   -0.4412   -0.0322
   -0.1446    0.2236    0.9639
...   217 T-A ...
  -33.1635  113.5006  702.1126
   -0.8326    0.4765   -0.2824
   -0.5299   -0.8336    0.1558
   -0.1612    0.2794    0.9466
...   218 G-C ...
  -34.0714  114.3420  705.2669
   -0.9652   -0.1168   -0.2341
    0.0371   -0.9468    0.3196
   -0.2590    0.2998    0.9182
...   219 C-G ...
  -34.9871  115.4084  708.3416
   -0.7727   -0.6344   -0.0230
    0.5747   -0.7144    0.3991
   -0.2696    0.2952    0.9166
...   220 T-A ...
  -36.1239  116.5858  711.3137
   -0.3208   -0.9340    0.1570
    0.8912   -0.2416    0.3840
   -0.3207    0.2631    0.9099
...   221 C-G ...
  -37.2801  117.0914  714.4288
    0.2641   -0.9178    0.2964
    0.8997    0.3452    0.2673
   -0.3476    0.1961    0.9169
...   222 C-G ...
  -38.7312  117.3464  717.3968
    0.7341   -0.5899    0.3363
    0.6000    0.7954    0.0856
   -0.3180    0.1389    0.9379
...   223 A-T ...
  -39.7296  117.9811  720.5721
    0.9725   -0.0388    0.2298
    0.0618    0.9937   -0.0938
   -0.2247    0.1055    0.9687
...   224 T-A ...
  -40.4173  117.7874  723.9329
    0.8582    0.4841    0.1705
   -0.4495    0.8693   -0.2056
   -0.2477    0.0998    0.9637
...   225 C-G ...
  -40.9312  118.3462  727.2071
    0.4604    0.8871   -0.0322
   -0.8687    0.4428   -0.2220
   -0.1827    0.1301    0.9745
...   226 A-T ...
  -41.7221  118.8301  730.4663
   -0.1043    0.9627   -0.2498
   -0.9809   -0.1410   -0.1339
   -0.1642    0.2311    0.9590
...   227 A-T ...
  -42.1061  119.6289  733.6213
   -0.6480    0.6989   -0.3027
   -0.7354   -0.6776    0.0097
   -0.1983    0.2289    0.9530
...   228 A-T ...
  -42.6520  120.5000  736.7330
   -0.9491    0.1738   -0.2627
   -0.2199   -0.9627    0.1575
   -0.2255    0.2073    0.9519
...   229 A-T ...
  -43.3751  121.3349  739.8184
   -0.8964   -0.4189   -0.1447
    0.3752   -0.8911    0.2551
   -0.2358    0.1743    0.9560
...   230 G-C ...
  -44.4711  121.9509  742.9697
   -0.5318   -0.8459   -0.0397
    0.8057   -0.5198    0.2839
   -0.2608    0.1191    0.9580
...   231 G-C ...
  -45.7757  122.3724  745.9864
    0.0134   -0.9982    0.0583
    0.9620    0.0288    0.2714
   -0.2726    0.0524    0.9607
...   232 C-G ...
  -46.7552  122.5083  749.2192
    0.5573   -0.8081    0.1906
    0.7855    0.5876    0.1944
   -0.2691    0.0414    0.9622
...   233 A-T ...
  -47.5483  122.7848  752.5020
    0.9299   -0.3257    0.1711
    0.3165    0.9453    0.0794
   -0.1876   -0.0197    0.9821
...   234 T-A ...
  -48.2551  122.1615  755.8062
    0.9546    0.2108    0.2103
   -0.2099    0.9774   -0.0271
   -0.2113   -0.0183    0.9773
...   235 G-C ...
  -48.7695  122.4211  759.1454
    0.6778    0.7328    0.0594
   -0.7250    0.6797   -0.1113
   -0.1219    0.0324    0.9920
...   236 T-A ...
  -48.7731  122.1136  762.5708
    0.2002    0.9796   -0.0197
   -0.9741    0.1968   -0.1110
   -0.1048    0.0414    0.9936
...   237 T-A ...
  -48.8633  122.3488  765.8382
   -0.3994    0.9130   -0.0831
   -0.9137   -0.4038   -0.0447
   -0.0744    0.0581    0.9955
...   238 C-G ...
  -49.3062  122.8791  769.1275
   -0.8446    0.5140   -0.1498
   -0.5263   -0.8485    0.0559
   -0.0984    0.1260    0.9871
...   239 A-T ...
  -49.6992  123.1344  772.4835
   -0.9790   -0.0796   -0.1878
    0.0492   -0.9856    0.1615
   -0.1980    0.1489    0.9688
...   240 G-C ...
  -50.6387  123.7702  775.6811
   -0.7806   -0.6119   -0.1274
    0.5771   -0.7839    0.2290
   -0.2400    0.1052    0.9651
...   241 C-G ...
  -51.5160  124.1494  778.9239
   -0.3156   -0.9488    0.0133
    0.9162   -0.3011    0.2643
   -0.2467    0.0956    0.9644
...   242 T-A ...
  -52.6521  124.5054  782.1011
    0.2469   -0.9626    0.1116
    0.9296    0.2678    0.2531
   -0.2736    0.0413    0.9610
...   243 G-C ...
  -53.2555  124.4609  785.4352
    0.7601   -0.6344    0.1410
    0.6117    0.7717    0.1743
   -0.2194   -0.0462    0.9745
...   244 G-C ...
  -54.0629  123.8520  788.5907
    0.9834   -0.1051    0.1482
    0.0938    0.9923    0.0811
   -0.1555   -0.0658    0.9856
...   245 A-T ...
  -54.7395  123.6145  791.8743
    0.8701    0.4834    0.0962
   -0.4836    0.8750   -0.0231
   -0.0953   -0.0264    0.9951
...   246 T-A ...
  -54.6998  123.0969  795.2708
    0.4912    0.8660    0.0935
   -0.8638    0.4981   -0.0761
   -0.1125   -0.0434    0.9927
...   247 T-A ...
  -54.7972  122.9694  798.5440
   -0.0982    0.9947    0.0295
   -0.9921   -0.0955   -0.0817
   -0.0785   -0.0373    0.9962
...   248 C-G ...
  -55.1404  123.2264  801.8775
   -0.6423    0.7624   -0.0787
   -0.7622   -0.6461   -0.0386
   -0.0803    0.0353    0.9961
...   249 C-G ...
  -55.2486  123.8161  805.1364
   -0.9480    0.2811   -0.1491
   -0.2894   -0.9565    0.0365
   -0.1324    0.0778    0.9881
...   250 A-T ...
  -55.7103  123.8981  808.4923
   -0.9242   -0.3263   -0.1984
    0.3015   -0.9423    0.1453
   -0.2344    0.0745    0.9693
...   251 G-C ...
  -56.7975  124.2095  811.6912
   -0.5953   -0.7903   -0.1452
    0.7590   -0.6124    0.2212
   -0.2637    0.0215    0.9644
...   252 C-G ...
  -57.7586  124.2882  814.9315
   -0.0597   -0.9982   -0.0057
    0.9617   -0.0591    0.2678
   -0.2677    0.0105    0.9634
...   253 T-A ...
  -58.9633  124.2789  818.1033
    0.4868   -0.8680    0.0977
    0.8276    0.4941    0.2664
   -0.2796   -0.0489    0.9589
...   254 G-C ...
  -59.5507  124.0174  821.4303
    0.8975   -0.4190    0.1375
    0.3906    0.9001    0.1931
   -0.2047   -0.1196    0.9715
...   255 A-T ...
  -60.3889  123.6505  824.6644
    0.9722    0.1776    0.1523
   -0.1906    0.9788    0.0751
   -0.1357   -0.1020    0.9855
...   256 A-T ...
  -60.7826  123.1649  827.8813
    0.6863    0.7126    0.1456
   -0.7138    0.6983   -0.0529
   -0.1394   -0.0676    0.9879
...   257 C-G ...
  -60.6896  122.8938  831.3085
    0.2144    0.9736    0.0783
   -0.9664    0.2231   -0.1276
   -0.1417   -0.0483    0.9887
...   258 A-T ...
  -61.3494  122.7313  834.6282
   -0.3644    0.9250   -0.1073
   -0.9189   -0.3759   -0.1194
   -0.1507    0.0551    0.9870
...   259 T-A ...
  -61.3950  123.2276  838.0278
   -0.7912    0.5974   -0.1305
   -0.5962   -0.8011   -0.0530
   -0.1362    0.0359    0.9900
...   260 G-C ...
  -62.2256  123.2902  841.3124
   -0.9719    0.0243   -0.2342
   -0.0401   -0.9972    0.0630
   -0.2320    0.0706    0.9702
...   261 C-G ...
  -63.0457  123.5906  844.5784
   -0.8221   -0.5438   -0.1685
    0.5149   -0.8365    0.1876
   -0.2430    0.0674    0.9677
...   262 C-G ...
  -64.2757  124.0235  847.6246
   -0.3897   -0.9156   -0.0987
    0.8739   -0.4015    0.2741
   -0.2906    0.0206    0.9566
...   263 T-A ...
  -65.5517  124.1591  850.7655
    0.1638   -0.9862    0.0236
    0.9327    0.1626    0.3220
   -0.3214   -0.0307    0.9464
...   264 T-A ...
  -66.7902  123.8758  853.7863
    0.6737   -0.7107    0.2027
    0.6549    0.7012    0.2818
   -0.3424   -0.0571    0.9378
...   265 T-A ...
  -67.9583  123.4241  856.8147
    0.9293   -0.1744    0.3256
    0.1331    0.9804    0.1452
   -0.3445   -0.0916    0.9343
...   266 T-A ...
  -68.9763  122.8753  859.8810
    0.8363    0.4247    0.3469
   -0.4401    0.8972   -0.0373
   -0.3270   -0.1215    0.9372
...   267 G-C ...
  -69.9744  122.8224  863.1188
    0.4611    0.8712    0.1686
   -0.8497    0.4883   -0.1990
   -0.2557   -0.0515    0.9654
...   268 A-T ...
  -70.8758  122.4993  866.3405
   -0.0874    0.9952   -0.0450
   -0.9595   -0.0962   -0.2646
   -0.2677    0.0200    0.9633
...   269 T-A ...
  -71.2647  122.7306  869.7465
   -0.5781    0.8015   -0.1530
   -0.7737   -0.5980   -0.2093
   -0.2593   -0.0026    0.9658
...   270 G-C ...
  -72.5013  122.7729  872.9011
   -0.8879    0.3105   -0.3396
   -0.3115   -0.9488   -0.0530
   -0.3387    0.0587    0.9391
...   271 G-C ...
  -73.6767  123.4255  875.9296
   -0.8890   -0.2630   -0.3750
    0.2204   -0.9633    0.1531
   -0.4015    0.0534    0.9143
...   272 A-T ...
  -74.8950  123.6771  879.0519
   -0.5737   -0.7675   -0.2862
    0.6905   -0.6411    0.3351
   -0.4406   -0.0054    0.8977
...   273 G-C ...
  -76.6457  123.5532  881.9556
   -0.0779   -0.9908   -0.1110
    0.8956   -0.1185    0.4287
   -0.4379   -0.0661    0.8966
...   274 C-G ...
  -78.1836  123.2980  884.9555
    0.4463   -0.8838    0.1404
    0.7817    0.4614    0.4196
   -0.4357   -0.0775    0.8968
...   275 A-T ...
  -79.5365  123.1527  888.0589
    0.8538   -0.4477    0.2656
    0.3718    0.8816    0.2907
   -0.3643   -0.1495    0.9192
...   276 G-C ...
  -80.5962  122.3896  891.1904
    0.9387    0.1141    0.3253
   -0.1509    0.9844    0.0903
   -0.3099   -0.1339    0.9413
...   277 T-A ...
  -81.5804  121.3547  894.3189
    0.7250    0.6135    0.3129
   -0.6239    0.7775   -0.0788
   -0.2917   -0.1381    0.9465
...   278 T-A ...
  -82.2832  120.8168  897.4743
    0.2318    0.9505    0.2071
   -0.9377    0.2749   -0.2123
   -0.2587   -0.1450    0.9550
...   279 T-A ...
  -82.8796  120.4212  900.6723
   -0.3522    0.9349    0.0435
   -0.9076   -0.3298   -0.2597
   -0.2284   -0.1309    0.9647
...   280 C-G ...
  -83.8182  120.3322  903.8984
   -0.7937    0.5849   -0.1671
   -0.5552   -0.8088   -0.1941
   -0.2487   -0.0613    0.9667
...   281 C-G ...
  -84.6055  120.6281  907.1034
   -0.9507    0.0501   -0.3061
   -0.0377   -0.9982   -0.0462
   -0.3078   -0.0324    0.9509
...   282 A-T ...
  -85.6160  120.3392  910.3249
   -0.7650   -0.5273   -0.3698
