  648 base-pairs
...     1 A-T ...
    0.0000    0.0000    0.0000
    1.0000    0.0000    0.0000
    0.0000    1.0000    0.0000
    0.0000    0.0000    1.0000
...     2 C-G ...
    0.3695   -0.4371    3.3912
    0.8523    0.5227   -0.0183
   -0.5228    0.8524   -0.0064
    0.0123    0.0151    0.9998
...     3 A-T ...
    0.2842   -0.2554    6.7738
    0.3934    0.9118   -0.1177
   -0.9159    0.3998    0.0356
    0.0795    0.0938    0.9924
...     4 G-C ...
    0.8017    0.2438   10.0896
   -0.1739    0.9749   -0.1387
   -0.9829   -0.1633    0.0850
    0.0602    0.1511    0.9867
...     5 G-C ...
    1.3678    1.0192   13.2611
   -0.6862    0.7148   -0.1350
   -0.7271   -0.6678    0.1593
    0.0237    0.2075    0.9779
...     6 A-T ...
    1.5771    1.6279   16.5598
   -0.9775    0.1905   -0.0907
   -0.2054   -0.9574    0.2029
   -0.0482    0.2169    0.9750
...     7 T-A ...
    1.4183    2.9115   19.7431
   -0.9433   -0.3281    0.0504
    0.3311   -0.9190    0.2141
   -0.0240    0.2187    0.9755
...     8 G-C ...
    1.1765    3.3114   23.0993
   -0.5760   -0.8147    0.0674
    0.8104   -0.5583    0.1779
   -0.1073    0.1571    0.9817
...     9 T-A ...
    0.3509    4.1916   26.3197
   -0.0660   -0.9882    0.1384
    0.9902   -0.0477    0.1312
   -0.1230    0.1457    0.9816
...    10 A-T ...
    0.0067    4.5397   29.6238
    0.5413   -0.8345    0.1031
    0.8348    0.5480    0.0522
   -0.1001    0.0578    0.9933
...    11 A-T ...
   -0.4421    4.6246   32.8689
    0.9262   -0.3657    0.0921
    0.3706    0.9278   -0.0434
   -0.0696    0.0743    0.9948
...    12 C-G ...
   -0.4978    4.3360   36.2955
    0.9844    0.1719    0.0376
   -0.1679    0.9816   -0.0915
   -0.0526    0.0838    0.9951
...    13 C-G ...
   -0.3406    4.2392   39.6039
    0.7335    0.6749   -0.0809
   -0.6796    0.7301   -0.0714
    0.0109    0.1073    0.9942
...    14 T-A ...
   -0.0480    4.4194   42.9794
    0.2425    0.9582   -0.1517
   -0.9682    0.2489    0.0243
    0.0611    0.1410    0.9881
...    15 G-C ...
   -0.0404    5.2164   46.2728
   -0.3628    0.9086   -0.2070
   -0.9302   -0.3399    0.1384
    0.0554    0.2428    0.9685
...    16 C-G ...
    0.1892    6.0937   49.5297
   -0.8253    0.5552   -0.1035
   -0.5627   -0.7927    0.2344
    0.0481    0.2517    0.9666
...    17 A-T ...
    0.2847    6.7825   52.8461
   -0.9986   -0.0267   -0.0459
    0.0127   -0.9597    0.2807
   -0.0515    0.2797    0.9587
...    18 G-C ...
   -0.1595    7.8705   56.0290
   -0.8256   -0.5613    0.0568
    0.5560   -0.7922    0.2515
   -0.0962    0.2392    0.9662
...    19 A-T ...
   -0.3738    8.7863   59.2557
   -0.3529   -0.9279    0.1198
    0.9283   -0.3312    0.1692
   -0.1173    0.1709    0.9783
...    20 T-A ...
   -1.3215    9.4448   62.4920
    0.1764   -0.9610    0.2129
    0.9776    0.1964    0.0762
   -0.1151    0.1947    0.9741
...    21 A-T ...
   -1.6071    9.9785   65.7769
    0.7279   -0.6731    0.1312
    0.6820    0.7305   -0.0362
   -0.0714    0.1159    0.9907
...    22 C-G ...
   -1.8785    9.8034   69.2008
    0.9781   -0.1940    0.0747
    0.2013    0.9738   -0.1059
   -0.0522    0.1186    0.9916
...    23 T-A ...
   -2.0553    9.8915   72.5880
    0.9307    0.3635   -0.0402
   -0.3657    0.9264   -0.0894
    0.0047    0.0979    0.9952
...    24 A-T ...
   -1.9407   10.3379   75.8962
    0.5316    0.8295   -0.1715
   -0.8437    0.5365   -0.0202
    0.0753    0.1554    0.9850
...    25 C-G ...
   -1.1203   10.9369   79.1819
    0.0108    0.9846   -0.1747
   -0.9976    0.0226    0.0661
    0.0690    0.1736    0.9824
...    26 C-G ...
   -0.4681   11.7544   82.3261
   -0.5407    0.8236   -0.1712
   -0.8393   -0.5144    0.1762
    0.0571    0.2390    0.9693
...    27 A-T ...
   -0.4026   12.4389   85.6442
   -0.9261    0.3524   -0.1346
   -0.3765   -0.8856    0.2718
   -0.0234    0.3024    0.9529
...    28 A-T ...
   -0.4387   13.5766   88.7172
   -0.9727   -0.2308    0.0259
    0.2289   -0.9340    0.2742
   -0.0391    0.2726    0.9613
...    29 A-T ...
   -0.6233   14.6122   91.8209
   -0.6606   -0.7339    0.1580
    0.7500   -0.6356    0.1831
   -0.0340    0.2394    0.9703
...    30 A-T ...
   -0.8672   15.4815   94.9712
   -0.1051   -0.9714    0.2130
    0.9944   -0.1005    0.0322
   -0.0099    0.2152    0.9765
...    31 G-C ...
   -1.0844   15.9634   98.3227
    0.4538   -0.8805    0.1371
    0.8908    0.4438   -0.0981
    0.0255    0.1667    0.9857
...    32 T-A ...
   -1.5325   16.2888  101.7170
    0.8522   -0.5205    0.0535
    0.5225    0.8410   -0.1404
    0.0281    0.1476    0.9886
...    33 G-C ...
   -1.0697   16.8755  105.0221
    0.9900    0.0431   -0.1343
   -0.0586    0.9917   -0.1141
    0.1283    0.1208    0.9844
...    34 T-A ...
   -0.6248   16.7010  108.4279
    0.8116    0.5537   -0.1861
   -0.5655    0.8247   -0.0122
    0.1467    0.1152    0.9824
...    35 A-T ...
   -0.0678   17.2233  111.6796
    0.3058    0.9208   -0.2422
   -0.9307    0.3427    0.1278
    0.2006    0.1863    0.9618
...    36 T-A ...
    1.1586   17.7684  114.8426
   -0.2160    0.9692   -0.1184
   -0.9558   -0.1851    0.2285
    0.1995    0.1625    0.9663
...    37 T-A ...
    1.9943   18.4884  117.9285
   -0.7298    0.6829    0.0303
   -0.6477   -0.7050    0.2889
    0.2186    0.1913    0.9569
...    38 T-A ...
    2.7445   19.3769  120.9923
   -0.9711    0.1487    0.1865
   -0.0990   -0.9626    0.2520
    0.2171    0.2263    0.9496
...    39 G-C ...
    3.1903   19.9174  124.3077
   -0.8686   -0.4522    0.2025
    0.4816   -0.8667    0.1302
    0.1166    0.2106    0.9706
...    40 G-C ...
    3.1846   20.8683  127.4819
   -0.4699   -0.8650    0.1756
    0.8795   -0.4757    0.0104
    0.0745    0.1594    0.9844
...    41 A-T ...
    3.4781   21.5522  130.7594
    0.1102   -0.9908    0.0786
    0.9900    0.1024   -0.0967
    0.0878    0.0885    0.9922
...    42 A-T ...
    3.6106   21.8050  134.0241
    0.6598   -0.7513   -0.0139
    0.7414    0.6539   -0.1507
    0.1223    0.0891    0.9885
...    43 A-T ...
    3.9071   21.9773  137.2832
    0.9639   -0.2373   -0.1205
    0.2200    0.9652   -0.1411
    0.1498    0.1095    0.9826
...    44 C-G ...
    4.6752   21.8390  140.6326
    0.9338    0.3002   -0.1945
   -0.3174    0.9462   -0.0636
    0.1649    0.1211    0.9788
...    45 T-A ...
    5.3893   21.9754  143.9467
    0.6008    0.7619   -0.2418
   -0.7675    0.6344    0.0921
    0.2236    0.1303    0.9659
...    46 G-C ...
    6.0938   22.7887  147.1599
    0.0278    0.9705   -0.2394
   -0.9656    0.0880    0.2447
    0.2586    0.2244    0.9396
...    47 C-G ...
    7.0279   23.5801  150.3112
   -0.5252    0.8481   -0.0699
   -0.8117   -0.4746    0.3404
    0.2556    0.2355    0.9377
...    48 T-A ...
    8.1084   24.5756  153.3695
   -0.8939    0.4401    0.0848
   -0.3841   -0.8497    0.3612
    0.2310    0.2903    0.9286
...    49 C-G ...
    8.5162   25.6783  156.5181
   -0.9645   -0.1409    0.2232
    0.2038   -0.9349    0.2905
    0.1677    0.3257    0.9305
...    50 C-G ...
    8.7259   27.1048  159.5016
   -0.7044   -0.6492    0.2870
    0.7019   -0.6973    0.1454
    0.1057    0.3039    0.9468
...    51 A-T ...
    9.2363   28.0348  162.7198
   -0.1822   -0.9576    0.2230
    0.9815   -0.1906   -0.0163
    0.0582    0.2159    0.9747
...    52 T-A ...
    8.8729   28.7652  166.0575
    0.3541   -0.9125    0.2050
    0.9335    0.3317   -0.1359
    0.0560    0.2394    0.9693
...    53 C-G ...
    9.2378   29.2253  169.3668
    0.8198   -0.5716    0.0356
    0.5675    0.8025   -0.1841
    0.0767    0.1711    0.9823
...    54 A-T ...
    9.5656   29.9697  172.6563
    0.9845   -0.0230   -0.1738
   -0.0018    0.9899   -0.1414
    0.1753    0.1395    0.9746
...    55 A-T ...
   10.1600   30.2689  175.8651
    0.7984    0.5499   -0.2453
   -0.5752    0.8170   -0.0408
    0.1779    0.1737    0.9686
...    56 A-T ...
   10.8503   30.7192  179.0369
    0.3152    0.9167   -0.2454
   -0.9354    0.3438    0.0828
    0.1602    0.2034    0.9659
...    57 A-T ...
   11.5297   31.3496  182.1802
   -0.2866    0.9421   -0.1740
   -0.9494   -0.2549    0.1837
    0.1287    0.2179    0.9675
...    58 G-C ...
   12.0361   32.3786  185.3734
   -0.7642    0.6366   -0.1038
   -0.6404   -0.7296    0.2401
    0.0771    0.2499    0.9652
...    59 G-C ...
   12.3876   33.6386  188.4178
   -0.9930    0.1164   -0.0197
   -0.1173   -0.9557    0.2698
    0.0126    0.2702    0.9627
...    60 C-G ...
   12.3980   34.6149  191.6545
   -0.8859   -0.4467    0.1253
    0.4639   -0.8536    0.2371
    0.0011    0.2682    0.9634
...    61 A-T ...
   12.5192   35.3884  194.9514
   -0.4558   -0.8787    0.1422
    0.8872   -0.4356    0.1518
   -0.0714    0.1954    0.9781
...    62 T-A ...
   11.7381   36.1929  198.1992
    0.0683   -0.9724    0.2231
    0.9954    0.0813    0.0498
   -0.0665    0.2187    0.9735
...    63 G-C ...
   11.8021   36.6928  201.5501
    0.6319   -0.7666    0.1141
    0.7745    0.6301   -0.0557
   -0.0292    0.1236    0.9919
...    64 T-A ...
   11.2327   36.7600  204.9411
    0.9439   -0.3255    0.0560
    0.3295    0.9397   -0.0922
   -0.0226    0.1055    0.9942
...    65 T-A ...
   11.2275   36.8417  208.2172
    0.9608    0.2771   -0.0130
   -0.2773    0.9581   -0.0723
   -0.0076    0.0731    0.9973
...    66 C-G ...
   11.5625   37.2348  211.5383
    0.6291    0.7697   -0.1082
   -0.7747    0.6323   -0.0067
    0.0633    0.0880    0.9941
...    67 A-T ...
   11.6140   37.6146  214.9051
    0.0625    0.9797   -0.1905
   -0.9930    0.0802    0.0867
    0.1002    0.1837    0.9779
...    68 G-C ...
   12.1247   38.4858  218.1442
   -0.4941    0.8525   -0.1709
   -0.8672   -0.4690    0.1676
    0.0628    0.2310    0.9709
...    69 C-G ...
   12.3702   39.3290  221.4089
   -0.8981    0.4361   -0.0572
   -0.4365   -0.8676    0.2382
    0.0542    0.2389    0.9695
...    70 T-A ...
   12.6312   40.4312  224.6071
   -0.9921   -0.1192    0.0381
    0.1251   -0.9547    0.2699
    0.0042    0.2726    0.9621
...    71 G-C ...
   12.4155   41.0585  227.9302
   -0.7365   -0.6704    0.0907
    0.6704   -0.7054    0.2302
   -0.0903    0.2303    0.9689
...    72 G-C ...
   11.6815   41.9598  231.0331
   -0.2427   -0.9604    0.1370
    0.9628   -0.2212    0.1553
   -0.1188    0.1696    0.9783
...    73 A-T ...
   11.2881   42.6842  234.2915
    0.3577   -0.9248    0.1298
    0.9296    0.3658    0.0443
   -0.0884    0.1048    0.9905
...    74 T-A ...
   10.5164   42.7356  237.6392
    0.7854   -0.5987    0.1571
    0.6104    0.7913   -0.0358
   -0.1028    0.1240    0.9869
...    75 T-A ...
   10.1613   42.8699  240.8943
    0.9943   -0.0318    0.1021
    0.0405    0.9956   -0.0850
   -0.0990    0.0887    0.9911
...    76 C-G ...
   10.2181   43.1969  244.2389
    0.8431    0.5373   -0.0208
   -0.5370    0.8395   -0.0828
   -0.0270    0.0810    0.9963
...    77 C-G ...
   10.5787   43.2473  247.5324
    0.4121    0.9025   -0.1250
   -0.9109    0.4114   -0.0322
    0.0224    0.1271    0.9916
...    78 A-T ...
   10.4762   43.7147  250.8870
   -0.1880    0.9576   -0.2184
   -0.9816   -0.1756    0.0753
    0.0337    0.2286    0.9729
...    79 G-C ...
   10.6933   44.7715  254.1038
   -0.6935    0.6921   -0.2002
   -0.7203   -0.6716    0.1734
   -0.0145    0.2645    0.9643
...    80 C-G ...
   10.6609   45.7338  257.3445
   -0.9789    0.1889   -0.0781
   -0.2029   -0.9442    0.2595
   -0.0247    0.2699    0.9626
...    81 T-A ...
   10.5781   46.9486  260.5113
   -0.9288   -0.3693    0.0326
    0.3616   -0.8831    0.2988
   -0.0816    0.2893    0.9538
...    82 G-C ...
   10.1545   47.5852  263.8125
   -0.5410   -0.8346    0.1035
    0.8252   -0.5031    0.2568
   -0.1622    0.2244    0.9609
...    83 A-T ...
    9.6659   48.4835  267.0142
    0.0382   -0.9861    0.1614
    0.9872    0.0622    0.1468
   -0.1548    0.1538    0.9759
...    84 A-T ...
    9.0033   48.9564  270.1886
    0.6048   -0.7722    0.1947
    0.7872    0.6167    0.0005
   -0.1204    0.1530    0.9809
...    85 C-G ...
    8.4744   48.9201  273.5866
    0.9292   -0.3387    0.1482
    0.3556    0.9284   -0.1077
   -0.1011    0.1528    0.9831
...    86 A-T ...
    8.1585   49.6155  276.8880
    0.9699    0.2405   -0.0384
   -0.2435    0.9593   -0.1432
    0.0024    0.1483    0.9889
...    87 T-A ...
    8.4084   49.6168  280.3149
    0.7031    0.7061   -0.0839
   -0.7108    0.6949   -0.1091
   -0.0187    0.1363    0.9905
...    88 G-C ...
    8.3398   50.4521  283.5981
    0.1674    0.9591   -0.2284
   -0.9854    0.1697   -0.0096
    0.0295    0.2267    0.9735
...    89 C-G ...
    8.5064   51.2459  286.8801
   -0.4186    0.8848   -0.2048
   -0.9077   -0.4007    0.1244
    0.0280    0.2380    0.9709
...    90 C-G ...
    8.8734   52.4276  289.9540
   -0.8476    0.5048   -0.1637
   -0.5306   -0.8126    0.2412
   -0.0113    0.2913    0.9566
...    91 T-A ...
    8.9454   53.6941  293.1008
   -0.9982   -0.0341   -0.0488
    0.0161   -0.9439    0.3298
   -0.0573    0.3284    0.9428
...    92 T-A ...
    8.6029   54.9758  296.0974
   -0.8049   -0.5753    0.1458
    0.5877   -0.7385    0.3305
   -0.0825    0.3517    0.9325
...    93 T-A ...
    8.0778   56.2046  299.0897
   -0.3166   -0.8982    0.3050
    0.9412   -0.2576    0.2184
   -0.1176    0.3562    0.9270
...    94 T-A ...
    7.4319   57.2899  302.1137
    0.2864   -0.8837    0.3701
    0.9463    0.3213    0.0348
   -0.1497    0.3403    0.9283
...    95 G-C ...
    7.2607   58.2878  305.3474
    0.7896   -0.5691    0.2297
    0.6068    0.7799   -0.1536
   -0.0917    0.2606    0.9611
...    96 A-T ...
    6.8112   59.2245  308.5438
    0.9987   -0.0412    0.0312
    0.0479    0.9638   -0.2621
   -0.0193    0.2633    0.9645
...    97 T-A ...
    6.8302   59.5818  311.9611
    0.8782    0.4703   -0.0866
   -0.4763    0.8440   -0.2467
   -0.0430    0.2578    0.9652
...    98 G-C ...
    6.7901   60.8039  315.1213
    0.4466    0.8405   -0.3068
   -0.8943    0.4307   -0.1217
    0.0299    0.3287    0.9440
...    99 G-C ...
    7.3551   61.8870  318.2015
   -0.1176    0.9152   -0.3854
   -0.9925   -0.0948    0.0777
    0.0346    0.3917    0.9195
...   100 A-T ...
    7.5221   63.0642  321.3452
   -0.6636    0.6674   -0.3380
   -0.7479   -0.6023    0.2791
   -0.0173    0.4380    0.8988
...   101 G-C ...
    7.4024   64.8174  324.2475
   -0.9613    0.2044   -0.1849
   -0.2645   -0.8728    0.4101
   -0.0775    0.4431    0.8931
...   102 C-G ...
    7.1184   66.3765  327.2338
   -0.9418   -0.3291    0.0690
    0.3242   -0.8343    0.4460
   -0.0892    0.4424    0.8924
...   103 A-T ...
    6.9116   67.7380  330.3299
   -0.5723   -0.7892    0.2229
    0.8020   -0.4818    0.3530
   -0.1712    0.3808    0.9087
...   104 G-C ...
    6.0541   68.8881  333.4046
   -0.0322   -0.9455    0.3241
    0.9859    0.0233    0.1659
   -0.1644    0.3249    0.9314
...   105 T-A ...
    4.9184   69.9983  336.4550
    0.4900   -0.7977    0.3516
    0.8547    0.5189   -0.0139
   -0.1713    0.3073    0.9360
...   106 T-A ...
    4.2393   70.7630  339.5685
    0.8948   -0.3526    0.2738
    0.4080    0.8948   -0.1813
   -0.1811    0.2739    0.9445
...   107 T-A ...
    3.6913   71.4008  342.7359
    0.9670    0.2281    0.1135
   -0.1905    0.9431   -0.2725
   -0.1692    0.2419    0.9554
...   108 C-G ...
    3.4929   72.3379  345.9575
    0.6929    0.7116   -0.1166
   -0.7144    0.6555   -0.2449
   -0.0979    0.2530    0.9625
...   109 C-G ...
    3.6572   73.0753  349.1838
    0.1941    0.9367   -0.2914
   -0.9791    0.1667   -0.1164
   -0.0605    0.3079    0.9495
...   110 A-T ...
    3.2707   74.1096  352.3874
   -0.3963    0.8274   -0.3980
   -0.9153   -0.3902    0.1002
   -0.0724    0.4040    0.9119
...   111 A-T ...
    3.1706   75.5110  355.3481
   -0.8504    0.4407   -0.2873
   -0.5155   -0.8072    0.2875
   -0.1052    0.3926    0.9137
...   112 A-T ...
    2.8904   76.9332  358.2872
   -0.9893   -0.1154   -0.0888
    0.0740   -0.9235    0.3763
   -0.1254    0.3657    0.9222
...   113 T-A ...
    2.3147   78.6684  361.1964
   -0.8105   -0.5686    0.1406
    0.5767   -0.7325    0.3618
   -0.1028    0.3743    0.9216
...   114 A-T ...
    1.9054   79.7842  364.3179
   -0.3021   -0.9210    0.2460
    0.9403   -0.2456    0.2355
   -0.1564    0.3025    0.9402
...   115 C-G ...
    0.8522   80.5769  367.4944
    0.2368   -0.9189    0.3155
    0.9605    0.2702    0.0660
   -0.1459    0.2874    0.9466
...   116 A-T ...
    0.5197   81.6340  370.6966
    0.7569   -0.6219    0.2008
    0.6471    0.7561   -0.0977
   -0.0910    0.2039    0.9747
...   117 C-G ...
    0.2078   81.7653  374.1191
    0.9851   -0.1386    0.1022
    0.1565    0.9683   -0.1946
   -0.0720    0.2077    0.9755
...   118 T-A ...
   -0.0214   82.1594  377.4812
    0.9130    0.4029   -0.0648
   -0.4078    0.8953   -0.1793
   -0.0142    0.1901    0.9817
...   119 T-A ...
    0.1636   82.6382  380.7179
    0.5093    0.8453   -0.1618
   -0.8604    0.5042   -0.0740
    0.0190    0.1769    0.9840
...   120 T-A ...
    0.4986   83.2300  383.9237
   -0.0819    0.9802   -0.1802
   -0.9952   -0.0707    0.0680
    0.0539    0.1849    0.9813
...   121 T-A ...
    0.8880   83.9987  387.0855
   -0.6424    0.7580   -0.1130
   -0.7624   -0.6172    0.1942
    0.0775    0.2109    0.9744
...   122 G-C ...
    0.7713   84.7432  390.3892
   -0.9670    0.2429   -0.0769
   -0.2546   -0.9328    0.2550
   -0.0098    0.2662    0.9639
...   123 G-C ...
    0.6341   86.0552  393.4289
   -0.9459   -0.3244    0.0110
    0.3154   -0.9104    0.2676
   -0.0768    0.2566    0.9635
...   124 T-A ...
    0.2115   87.4676  396.5360
   -0.6404   -0.7557    0.1375
    0.7620   -0.6027    0.2369
   -0.0962    0.2565    0.9618
...   125 A-T ...
   -0.1385   88.1747  399.7816
   -0.0568   -0.9844    0.1664
    0.9899   -0.0339    0.1376
   -0.1298    0.1725    0.9764
...   126 G-C ...
   -0.7471   88.4987  403.1037
    0.4989   -0.8526    0.1555
    0.8618    0.5071    0.0156
   -0.0922    0.1262    0.9877
...   127 T-A ...
   -1.5780   88.6492  406.4376
    0.8769   -0.4631    0.1286
    0.4724    0.8798   -0.0531
   -0.0885    0.1073    0.9903
...   128 A-T ...
   -1.7182   89.0112  409.7551
    0.9904    0.1372   -0.0141
   -0.1379    0.9863   -0.0905
    0.0015    0.0916    0.9958
...   129 T-A ...
   -1.5271   88.7941  413.1788
    0.7754    0.6304   -0.0357
   -0.6311    0.7719   -0.0766
   -0.0207    0.0819    0.9964
...   130 C-G ...
   -1.3232   89.3456  416.4880
    0.2760    0.9524   -0.1293
   -0.9604    0.2787    0.0027
    0.0386    0.1234    0.9916
...   131 T-A ...
   -0.8790   89.7367  419.8289
   -0.2947    0.9435   -0.1516
   -0.9534   -0.2797    0.1127
    0.0639    0.1778    0.9820
...   132 G-C ...
   -1.0007   90.5104  423.1257
   -0.7919    0.5904   -0.1558
   -0.6106   -0.7634    0.2105
    0.0054    0.2618    0.9651
...   133 C-G ...
   -0.9765   91.4653  426.3687
   -0.9984    0.0532   -0.0204
   -0.0567   -0.9626    0.2650
   -0.0056    0.2658    0.9640
...   134 A-T ...
   -0.9658   92.1914  429.6785
   -0.8446   -0.5339    0.0395
    0.5248   -0.8112    0.2581
   -0.1058    0.2388    0.9653
...   135 G-C ...
   -1.6320   92.9816  432.9101
   -0.4149   -0.9025    0.1156
    0.9015   -0.3907    0.1860
   -0.1227    0.1814    0.9757
...   136 G-C ...
   -2.4977   93.5418  436.0592
    0.1542   -0.9790    0.1332
    0.9801    0.1686    0.1047
   -0.1250    0.1144    0.9855
...   137 T-A ...
   -3.5010   93.8543  439.3339
    0.6454   -0.7477    0.1562
    0.7530    0.6571    0.0345
   -0.1285    0.0954    0.9871
...   138 G-C ...
   -3.5578   94.1547  442.7086
    0.9690   -0.2420    0.0496
    0.2436    0.9694   -0.0295
   -0.0409    0.0407    0.9983
...   139 A-T ...
   -3.8524   94.2965  446.0537
    0.9353    0.3505   -0.0484
   -0.3530    0.9339   -0.0577
    0.0250    0.0710    0.9972
...   140 T-A ...
   -3.4696   94.0621  449.4602
    0.6174    0.7852   -0.0479
   -0.7866    0.6166   -0.0308
    0.0054    0.0567    0.9984
...   141 T-A ...
   -3.1795   94.2266  452.7203
    0.0490    0.9969   -0.0623
   -0.9980    0.0514    0.0380
    0.0410    0.0603    0.9973
...   142 C-G ...
   -3.0669   94.8166  456.0272
   -0.5319    0.8425   -0.0857
   -0.8454   -0.5223    0.1120
    0.0496    0.1320    0.9900
...   143 T-A ...
   -2.6724   95.4768  459.3317
   -0.9086    0.4141   -0.0555
   -0.4170   -0.8908    0.1804
    0.0253    0.1871    0.9820
...   144 C-G ...
   -2.9584   96.2229  462.5963
   -0.9837   -0.1799    0.0021
    0.1758   -0.9585    0.2244
   -0.0384    0.2211    0.9745
...   145 C-G ...
   -3.4168   97.3065  465.6940
   -0.7228   -0.6881    0.0635
    0.6835   -0.6985    0.2119
   -0.1015    0.1966    0.9752
...   146 A-T ...
   -3.6100   97.8748  469.0290
   -0.1872   -0.9794    0.0763
    0.9708   -0.1725    0.1669
   -0.1503    0.1053    0.9830
...   147 G-C ...
   -4.3201   97.9946  472.3446
    0.3806   -0.9198    0.0957
    0.9170    0.3888    0.0893
   -0.1193    0.0538    0.9914
...   148 G-C ...
   -5.0080   97.8100  475.5807
    0.8267   -0.5592    0.0628
    0.5581    0.8290    0.0349
   -0.0715    0.0062    0.9974
...   149 G-C ...
   -5.2936   97.3657  478.8519
    0.9999   -0.0145    0.0051
    0.0144    0.9999    0.0074
   -0.0052   -0.0073    1.0000
...   150 C-G ...
   -5.2726   97.2794  482.2314
    0.8333    0.5527   -0.0028
   -0.5527    0.8333    0.0067
    0.0060   -0.0040    1.0000
...   151 G-C ...
   -5.6103   97.7272  485.7229
    0.3735    0.9250   -0.0700
   -0.9261    0.3762    0.0292
    0.0533    0.0539    0.9971
...   152 G-C ...
   -4.9711   97.9497  488.9666
   -0.1975    0.9742   -0.1088
   -0.9789   -0.1901    0.0752
    0.0526    0.1214    0.9912
...   153 C-G ...
   -4.7415   98.4101  492.3079
   -0.7163    0.6953   -0.0584
   -0.6962   -0.7066    0.1269
    0.0470    0.1316    0.9902
...   154 C-G ...
   -4.4803   99.3233  495.4824
   -0.9817    0.1860   -0.0413
   -0.1903   -0.9680    0.1638
   -0.0095    0.1687    0.9856
...   155 A-T ...
   -4.5073   99.7146  498.8482
   -0.9071   -0.4192   -0.0376
    0.4056   -0.8945    0.1878
   -0.1123    0.1551    0.9815
...   156 G-C ...
   -5.1938  100.2661  502.1249
   -0.5316   -0.8469    0.0119
    0.8358   -0.5223    0.1689
   -0.1369    0.0997    0.9856
...   157 T-A ...
   -6.1358  100.9315  505.3649
   -0.0144   -0.9962    0.0863
    0.9883   -0.0011    0.1526
   -0.1520    0.0875    0.9845
...   158 A-T ...
   -6.5696  101.0880  508.6730
    0.5841   -0.8083    0.0737
    0.8021    0.5887    0.1003
   -0.1245    0.0005    0.9922
...   159 C-G ...
   -7.1265  100.5336  512.0212
    0.9193   -0.3813    0.0971
    0.3791    0.9244    0.0406
   -0.1052   -0.0005    0.9944
...   160 T-A ...
   -7.5408  100.2226  515.3743
    0.9810    0.1853    0.0583
   -0.1868    0.9822    0.0214
   -0.0533   -0.0319    0.9981
...   161 T-A ...
   -7.5234   99.9237  518.6377
    0.6927    0.7191    0.0545
   -0.7208    0.6929    0.0191
   -0.0241   -0.0525    0.9983
...   162 A-T ...
   -7.5642   99.8989  521.9775
    0.1337    0.9905   -0.0318
   -0.9909    0.1341    0.0116
    0.0158    0.0299    0.9994
...   163 C-G ...
   -7.0281  100.3078  525.3499
   -0.4043    0.9138   -0.0393
   -0.9146   -0.4038    0.0201
    0.0025    0.0441    0.9990
...   164 A-T ...
   -7.1661  100.3489  528.7354
   -0.8528    0.5085   -0.1195
   -0.5180   -0.8525    0.0693
   -0.0667    0.1210    0.9904
...   165 T-A ...
   -7.2016  101.2848  532.0413
   -0.9991   -0.0042   -0.0431
   -0.0008   -0.9934    0.1147
   -0.0433    0.1146    0.9925
...   166 G-C ...
   -7.6135  101.4004  535.4027
   -0.8095   -0.5833   -0.0673
    0.5697   -0.8080    0.1505
   -0.1421    0.0835    0.9863
...   167 C-G ...
   -8.1607  101.7087  538.7246
   -0.3448   -0.9385    0.0184
    0.9268   -0.3372    0.1656
   -0.1492    0.0741    0.9860
...   168 A-T ...
   -8.4871  101.9369  542.0897
    0.2645   -0.9643    0.0120
    0.9522    0.2631    0.1551
   -0.1527   -0.0296    0.9878
...   169 C-G ...
   -9.3236  101.3652  545.3762
    0.7259   -0.6839    0.0732
    0.6744    0.7286    0.1196
   -0.1351   -0.0374    0.9901
...   170 A-T ...
   -9.6897  101.3952  548.7448
    0.9903   -0.1360    0.0299
    0.1330    0.9874    0.0861
   -0.0412   -0.0813    0.9958
...   171 G-C ...
   -9.5839  100.9295  552.1039
    0.9035    0.4283    0.0121
   -0.4284    0.9024    0.0468
    0.0091   -0.0475    0.9988
...   172 G-C ...
   -9.1801  100.4937  555.3638
    0.5198    0.8537   -0.0308
   -0.8525    0.5207    0.0451
    0.0545    0.0028    0.9985
...   173 A-T ...
   -9.0490  100.3545  558.7194
   -0.0633    0.9954   -0.0718
   -0.9970   -0.0599    0.0495
    0.0449    0.0747    0.9962
...   174 T-A ...
   -8.3549  100.7511  562.0610
   -0.5696    0.8218   -0.0125
   -0.8202   -0.5674    0.0730
    0.0529    0.0518    0.9973
...   175 G-C ...
   -8.5506  100.9902  565.4355
   -0.9384    0.3391   -0.0667
   -0.3444   -0.9336    0.0989
   -0.0287    0.1157    0.9929
...   176 T-A ...
   -8.4227  101.9227  568.7433
   -0.9795   -0.2005   -0.0173
    0.1964   -0.9713    0.1341
   -0.0437    0.1279    0.9908
...   177 A-T ...
   -8.6869  102.2485  572.0570
   -0.6672   -0.7446   -0.0211
    0.7347   -0.6624    0.1466
   -0.1231    0.0824    0.9890
...   178 A-T ...
   -9.2203  102.6076  575.2704
   -0.1173   -0.9921    0.0454
    0.9881   -0.1120    0.1055
   -0.0996    0.0572    0.9934
...   179 C-G ...
  -10.0332  102.4840  578.6098
    0.4183   -0.9052    0.0756
    0.9042    0.4228    0.0598
   -0.0861    0.0434    0.9953
...   180 C-G ...
  -10.5891  102.2091  581.8649
    0.8490   -0.5273    0.0336
    0.5263    0.8496    0.0345
   -0.0467   -0.0116    0.9988
...   181 T-A ...
  -10.8556  101.8745  585.2307
    0.9997    0.0228    0.0017
   -0.0228    0.9984    0.0510
   -0.0005   -0.0510    0.9987
...   182 G-C ...
  -10.5976  101.9794  588.6078
    0.8008    0.5950   -0.0679
   -0.5908    0.8035    0.0728
    0.0979   -0.0182    0.9950
...   183 C-G ...
  -10.1990  101.8925  591.9638
    0.3262    0.9449   -0.0261
   -0.9395    0.3271    0.1019
    0.1048   -0.0088    0.9945
...   184 A-T ...
  -10.0244  101.8835  595.3478
   -0.2825    0.9573   -0.0615
   -0.9534   -0.2731    0.1286
    0.1063    0.0949    0.9898
...   185 G-C ...
   -9.5919  102.5040  598.6554
   -0.7616    0.6468   -0.0409
   -0.6458   -0.7520    0.1323
    0.0548    0.1271    0.9904
...   186 A-T ...
   -9.2694  102.8561  601.9823
   -0.9952    0.0927   -0.0298
   -0.0957   -0.9873    0.1269
   -0.0177    0.1291    0.9915
...   187 T-A ...
   -9.3872  103.8475  605.2699
   -0.9010   -0.4293    0.0634
    0.4339   -0.8933    0.1175
    0.0062    0.1334    0.9910
...   188 A-T ...
   -9.4562  104.1662  608.5941
   -0.4684   -0.8828    0.0340
    0.8815   -0.4644    0.0857
   -0.0599    0.0701    0.9957
...   189 C-G ...
  -10.2177  104.2806  611.9460
    0.0625   -0.9965    0.0555
    0.9967    0.0653    0.0489
   -0.0523    0.0523    0.9973
...   190 T-A ...
  -10.6978  104.3739  615.3034
    0.5985   -0.8007    0.0279
    0.7991    0.5990    0.0510
   -0.0576   -0.0082    0.9983
...   191 A-T ...
  -10.7477  104.2830  618.6419
    0.9566   -0.2893   -0.0343
    0.2908    0.9553    0.0531
    0.0174   -0.0608    0.9980
...   192 C-G ...
  -10.4622  103.5523  621.9904
    0.9670    0.2538   -0.0198
   -0.2524    0.9660    0.0568
    0.0335   -0.0500    0.9982
...   193 C-G ...
   -9.9915  103.0455  625.2310
    0.6674    0.7432   -0.0479
   -0.7387    0.6688    0.0842
    0.0946   -0.0209    0.9953
...   194 A-T ...
   -9.8291  103.0643  628.6156
    0.1112    0.9898   -0.0894
   -0.9844    0.1220    0.1266
    0.1363    0.0739    0.9879
...   195 A-T ...
   -9.2247  103.3075  631.8273
   -0.4809    0.8765   -0.0219
   -0.8707   -0.4746    0.1287
    0.1024    0.0810    0.9914
...   196 A-T ...
   -8.7613  103.6661  635.0516
   -0.8977    0.4393    0.0343
   -0.4349   -0.8959    0.0913
    0.0708    0.0670    0.9952
...   197 A-T ...
   -8.4792  104.0368  638.2955
   -0.9853   -0.1605    0.0584
    0.1624   -0.9863    0.0282
    0.0531    0.0373    0.9979
...   198 G-C ...
   -8.5897  104.2739  641.6782
   -0.7394   -0.6733    0.0044
    0.6731   -0.7393   -0.0174
    0.0149   -0.0099    0.9998
...   199 T-A ...
   -8.9167  104.6913  645.0763
   -0.2785   -0.9603   -0.0176
    0.9604   -0.2785   -0.0020
   -0.0030   -0.0175    0.9998
...   200 G-C ...
   -8.7403  104.3015  648.4378
    0.3233   -0.9394   -0.1141
    0.9463    0.3208    0.0404
   -0.0014   -0.1210    0.9926
...   201 T-A ...
   -9.3090  103.7259  651.7804
    0.7704   -0.6315   -0.0882
    0.6376    0.7626    0.1090
   -0.0016   -0.1403    0.9901
...   202 A-T ...
   -9.1609  103.2299  655.0801
    0.9947   -0.0455   -0.0927
    0.0607    0.9839    0.1682
    0.0836   -0.1729    0.9814
...   203 T-A ...
   -8.8006  102.0972  658.3039
    0.8838    0.4668    0.0308
   -0.4640    0.8662    0.1855
    0.0599   -0.1782    0.9822
...   204 T-A ...
   -8.3653  101.3894  661.4739
    0.4527    0.8826    0.1271
   -0.8867    0.4306    0.1683
    0.0938   -0.1888    0.9775
...   205 T-A ...
   -7.7888  100.8091  664.6473
   -0.1437    0.9701    0.1957
   -0.9813   -0.1653    0.0985
    0.1279   -0.1779    0.9757
...   206 G-C ...
   -7.6625  100.4234  668.0115
   -0.6913    0.7126    0.1195
   -0.7178   -0.6963   -0.0000
    0.0831   -0.0858    0.9928
...   207 G-C ...
   -7.2433  100.5851  671.2945
   -0.9748    0.2204    0.0337
   -0.2219   -0.9736   -0.0529
    0.0211   -0.0590    0.9980
...   208 A-T ...
   -7.0150  100.3851  674.6417
   -0.9263   -0.3693   -0.0747
    0.3742   -0.9249   -0.0678
   -0.0441   -0.0907    0.9949
...   209 A-T ...
   -7.2379  100.2272  677.9074
   -0.5388   -0.8335   -0.1224
    0.8418   -0.5385   -0.0385
   -0.0338   -0.1238    0.9917
...   210 A-T ...
   -7.4931   99.8903  681.1572
    0.0473   -0.9884   -0.1443
    0.9989    0.0459    0.0130
   -0.0062   -0.1447    0.9895
...   211 C-G ...
   -7.9332   99.0141  684.4536
    0.5625   -0.8158   -0.1343
    0.8267    0.5569    0.0801
    0.0095   -0.1561    0.9877
...   212 T-A ...
   -8.1206   98.2633  687.7571
    0.9214   -0.3718   -0.1135
    0.3871    0.9043    0.1801
    0.0357   -0.2099    0.9771
...   213 G-C ...
   -7.6506   97.7029  691.0658
    0.9681    0.2356   -0.0856
   -0.2089    0.9470    0.2438
    0.1385   -0.2181    0.9660
...   214 C-G ...
   -7.1313   96.9171  694.3126
    0.6794    0.7316    0.0562
   -0.7186    0.6478    0.2529
    0.1486   -0.2122    0.9659
...   215 T-A ...
   -6.3646   96.0466  697.5011
    0.1697    0.9753    0.1413
   -0.9659    0.1362    0.2204
    0.1957   -0.1738    0.9651
...   216 C-G ...
   -5.6876   95.8504  700.7873
   -0.4234    0.8864    0.1870
   -0.8807   -0.4511    0.1444
    0.2124   -0.1035    0.9717
...   217 C-G ...
   -4.7294   95.9352  703.9582
   -0.8483    0.5000    0.1743
   -0.5006   -0.8646    0.0439
    0.1727   -0.0500    0.9837
...   218 A-T ...
   -4.2004   95.5925  707.2876
   -0.9941   -0.0828    0.0696
    0.0806   -0.9962   -0.0339
    0.0721   -0.0281    0.9970
...   219 T-A ...
   -4.1108   96.0363  710.6936
   -0.8065   -0.5876    0.0652
    0.5835   -0.8089   -0.0716
    0.0948   -0.0197    0.9953
...   220 C-G ...
   -4.0816   95.7076  714.0384
   -0.3329   -0.9420   -0.0436
    0.9424   -0.3307   -0.0506
    0.0332   -0.0580    0.9978
...   221 A-T ...
   -3.7885   95.4901  717.4072
    0.2650   -0.9503   -0.1634
    0.9638    0.2664    0.0138
    0.0304   -0.1611    0.9865
...   222 A-T ...
   -3.8364   94.9007  720.6305
    0.7723   -0.6180   -0.1474
    0.6320    0.7709    0.0795
    0.0645   -0.1546    0.9859
...   223 A-T ...
   -3.7094   94.2596  723.8418
    0.9938   -0.0555   -0.0964
    0.0674    0.9900    0.1238
    0.0886   -0.1296    0.9876
...   224 A-T ...
   -3.4095   93.6773  727.0528
    0.8479    0.5294   -0.0292
   -0.5219    0.8430    0.1305
    0.0937   -0.0954    0.9910
...   225 G-C ...
   -2.7835   93.3653  730.3728
    0.4199    0.9075   -0.0129
   -0.9008    0.4185    0.1163
    0.1109   -0.0372    0.9931
...   226 G-C ...
   -1.9556   93.2678  733.5798
   -0.1488    0.9888   -0.0133
   -0.9823   -0.1463    0.1169
    0.1136    0.0305    0.9931
...   227 C-G ...
   -1.5176   93.4189  736.9287
   -0.6788    0.7330    0.0439
   -0.7263   -0.6789    0.1074
    0.1085    0.0410    0.9932
...   228 A-T ...
   -1.2525   93.4079  740.3068
   -0.9789    0.2041   -0.0013
   -0.2034   -0.9747    0.0931
    0.0178    0.0913    0.9957
...   229 T-A ...
   -1.1890   94.2767  743.6305
   -0.9419   -0.3283    0.0704
    0.3331   -0.9400    0.0737
    0.0420    0.0929    0.9948
...   230 G-C ...
   -1.2079   94.2474  747.0189
   -0.5803   -0.8144    0.0014
    0.8134   -0.5794    0.0520
   -0.0415    0.0313    0.9986
...   231 T-A ...
   -1.8123   94.7139  750.3722
   -0.0688   -0.9975    0.0162
    0.9960   -0.0678    0.0586
   -0.0574    0.0201    0.9982
...   232 T-A ...
   -2.2363   94.6435  753.6210
    0.5199   -0.8532    0.0417
    0.8500    0.5216    0.0738
   -0.0847   -0.0029    0.9964
...   233 C-G ...
   -2.2805   94.3257  756.9667
    0.9159   -0.4010    0.0200
    0.3982    0.9136    0.0822
   -0.0512   -0.0673    0.9964
...   234 A-T ...
   -2.4195   94.2763  760.3520
    0.9785    0.2031   -0.0354
   -0.1995    0.9761    0.0861
    0.0521   -0.0772    0.9957
...   235 G-C ...
   -1.9495   93.9172  763.6930
    0.7072    0.7058   -0.0425
   -0.7015    0.7079    0.0824
    0.0883   -0.0285    0.9957
...   236 C-G ...
   -1.5803   93.8057  767.0516
    0.1865    0.9825    0.0003
   -0.9780    0.1856    0.0955
    0.0938   -0.0181    0.9954
...   237 T-A ...
   -0.9501   93.7494  770.3850
   -0.3817    0.9242    0.0072
   -0.9172   -0.3798    0.1201
    0.1137    0.0392    0.9927
...   238 G-C ...
   -0.9174   94.0242  773.7623
   -0.8470    0.5311   -0.0233
   -0.5295   -0.8389    0.1260
    0.0474    0.1191    0.9918
...   239 G-C ...
   -0.7272   94.8773  776.9585
   -0.9996   -0.0227   -0.0166
    0.0203   -0.9912    0.1306
   -0.0194    0.1303    0.9913
...   240 A-T ...
   -0.6391   95.3509  780.2848
   -0.8058   -0.5921   -0.0109
    0.5874   -0.8015    0.1116
   -0.0748    0.0836    0.9937
...   241 T-A ...
   -1.3056   96.0096  783.5904
   -0.3864   -0.9196    0.0717
    0.9204   -0.3793    0.0947
   -0.0598    0.1026    0.9929
...   242 T-A ...
   -1.7687   96.2910  786.8224
    0.2171   -0.9702    0.1079
    0.9717    0.2253    0.0709
   -0.0931    0.0894    0.9916
...   243 C-G ...
   -1.9531   96.2233  790.1777
    0.7378   -0.6711    0.0729
    0.6700    0.7412    0.0419
   -0.0821    0.0179    0.9965
...   244 C-G ...
   -2.3128   95.7914  793.4433
    0.9875   -0.1562    0.0215
    0.1558    0.9876    0.0211
   -0.0245   -0.0175    0.9995
...   245 A-T ...
   -2.4071   95.9140  796.8283
    0.8954    0.4397   -0.0695
   -0.4383    0.8981    0.0354
    0.0780   -0.0012    0.9970
...   246 G-C ...
   -1.8346   95.8876  800.1724
    0.5062    0.8568   -0.0988
   -0.8565    0.5128    0.0585
    0.1007    0.0550    0.9934
...   247 C-G ...
   -1.4218   96.0761  803.5226
   -0.0671    0.9960   -0.0596
   -0.9924   -0.0604    0.1075
    0.1034    0.0664    0.9924
...   248 T-A ...
   -0.7706   96.3819  806.8383
   -0.6022    0.7975   -0.0362
   -0.7909   -0.5899    0.1626
    0.1083    0.1266    0.9860
...   249 G-C ...
   -0.7807   96.8602  810.1929
   -0.9536    0.2991   -0.0337
   -0.3000   -0.9357    0.1855
    0.0240    0.1870    0.9821
...   250 A-T ...
   -0.5435   97.4730  813.4891
   -0.9536   -0.3010    0.0070
    0.2979   -0.9399    0.1665
   -0.0436    0.1609    0.9860
...   251 A-T ...
   -0.7533   98.1424  816.6902
   -0.6051   -0.7922    0.0798
    0.7954   -0.5969    0.1056
   -0.0360    0.1274    0.9912
...   252 C-G ...
   -1.4466   98.5424  820.0349
   -0.0994   -0.9895    0.1050
    0.9946   -0.0954    0.0419
   -0.0314    0.1086    0.9936
...   253 A-T ...
   -1.3723   98.9323  823.4002
    0.4914   -0.8709    0.0110
    0.8709    0.4915    0.0044
   -0.0092    0.0074    0.9999
...   254 T-A ...
   -1.8283   98.5903  826.7885
    0.8711   -0.4898    0.0350
    0.4903    0.8715   -0.0085
   -0.0264    0.0246    0.9993
...   255 G-C ...
   -1.5525   98.7791  830.1605
    0.9924    0.0977   -0.0749
   -0.0976    0.9952    0.0050
    0.0750    0.0023    0.9972
...   256 C-G ...
   -1.2538   98.7301  833.5277
    0.7631    0.6425   -0.0701
   -0.6406    0.7662    0.0498
    0.0857    0.0069    0.9963
...   257 C-G ...
   -0.5009   98.5963  836.7518
    0.2815    0.9550   -0.0936
   -0.9509    0.2907    0.1058
    0.1283    0.0592    0.9900
...   258 T-A ...
    0.2435   98.7670  840.0576
   -0.2891    0.9551   -0.0655
   -0.9449   -0.2737    0.1796
    0.1536    0.1138    0.9816
...   259 T-A ...
    0.9157   99.3458  843.2124
   -0.7829    0.6205    0.0451
   -0.5983   -0.7708    0.2190
    0.1707    0.1445    0.9747
...   260 T-A ...
    1.4900  100.0869  846.3525
   -0.9856    0.0600    0.1582
   -0.0297   -0.9819    0.1871
    0.1665    0.1797    0.9695
...   261 T-A ...
    1.8907  100.9058  849.5003
   -0.8223   -0.5196    0.2320
    0.5509   -0.8291    0.0956
    0.1427    0.2064    0.9680
...   262 G-C ...
    2.3018  101.2378  852.8474
   -0.3681   -0.9179    0.1481
    0.9266   -0.3754   -0.0234
    0.0771    0.1286    0.9887
...   263 A-T ...
    2.5867  101.8232  856.1447
    0.2202   -0.9748    0.0365
    0.9705    0.2151   -0.1088
    0.0983    0.0594    0.9934
...   264 T-A ...
    2.4100  101.7977  859.5760
    0.6933   -0.7206   -0.0020
    0.7154    0.6886   -0.1185
    0.0868    0.0807    0.9930
...   265 G-C ...
    3.0805  102.0645  862.8869
    0.9653   -0.2004   -0.1673
    0.1922    0.9793   -0.0641
    0.1767    0.0298    0.9838
...   266 G-C ...
    3.7908  101.7135  866.1043
    0.8992    0.3656   -0.2402
   -0.3647    0.9298    0.0501
    0.2417    0.0425    0.9694
...   267 A-T ...
    4.4758  101.7692  869.3943
    0.5116    0.8255   -0.2383
   -0.8140    0.5545    0.1733
    0.2752    0.1053    0.9556
...   268 G-C ...
    5.6704  102.2600  872.5318
   -0.0313    0.9862   -0.1625
   -0.9637    0.0133    0.2666
    0.2650    0.1649    0.9500
...   269 C-G ...
    6.6237  102.8557  875.7201
   -0.5730    0.8195    0.0058
   -0.7768   -0.5453    0.3150
    0.2613    0.1760    0.9491
...   270 A-T ...
    7.3927  103.3217  878.9872
   -0.9369    0.3376    0.0909
   -0.3006   -0.9106    0.2836
    0.1786    0.2384    0.9546
...   271 G-C ...
    7.7915  104.3603  882.1925
   -0.9583   -0.2273    0.1731
    0.2576   -0.9495    0.1794
    0.1236    0.2165    0.9684
...   272 T-A ...
    8.0824  105.6573  885.3644
   -0.6837   -0.6928    0.2295
    0.7223   -0.6873    0.0770
    0.1044    0.2184    0.9703
...   273 T-A ...
    8.1554  106.4213  888.5504
   -0.1409   -0.9638    0.2265
    0.9876   -0.1527   -0.0354
    0.0687    0.2187    0.9734
...   274 T-A ...
    8.1341  107.0239  891.7716
    0.4556   -0.8758    0.1591
    0.8893    0.4399   -0.1252
    0.0397    0.1986    0.9793
...   275 C-G ...
    8.4819  107.3664  895.0969
    0.8786   -0.4775    0.0035
    0.4727    0.8686   -0.1488
    0.0680    0.1325    0.9889
...   276 C-G ...
    8.7347  107.3066  898.4003
    0.9878    0.0679   -0.1402
   -0.0825    0.9915   -0.1009
    0.1322    0.1113    0.9850
...   277 A-T ...
    9.1282  107.8566  901.7207
    0.7438    0.6116   -0.2696
   -0.6289    0.7770    0.0275
    0.2262    0.1491    0.9626
...   278 A-T ...
    9.9839  108.2342  904.8615
    0.2386    0.9445   -0.2256
   -0.9489    0.2762    0.1526
    0.2065    0.1777    0.9622
...   279 A-T ...
   10.8153  108.7917  907.9820
   -0.3580    0.9263   -0.1175
   -0.9173   -0.3255    0.2293
    0.1742    0.1899    0.9662
...   280 T-A ...
   11.8709  109.7173  911.1180
   -0.7773    0.6278    0.0409
   -0.6002   -0.7595    0.2507
    0.1885    0.1703    0.9672
...   281 A-T ...
   12.3484  110.3133  914.3697
   -0.9945    0.0418    0.0965
   -0.0211   -0.9784    0.2058
    0.1030    0.2026    0.9738
...   282 C-G ...
   12.3396  111.4435  917.6178
   -0.8605   -0.4795    0.1720
