  678 base-pairs
...     1 A-T ...
    0.0000    0.0000    0.0000
    1.0000    0.0000    0.0000
    0.0000    1.0000    0.0000
    0.0000    0.0000    1.0000
...     2 C-G ...
    0.3695   -0.4371    3.3912
    0.8523    0.5227   -0.0183
   -0.5228    0.8524   -0.0064
    0.0123    0.0151    0.9998
...     3 A-T ...
    0.2842   -0.2554    6.7738
    0.3934    0.9118   -0.1177
   -0.9159    0.3998    0.0356
    0.0795    0.0938    0.9924
...     4 G-C ...
    0.8017    0.2438   10.0896
   -0.1739    0.9749   -0.1387
   -0.9829   -0.1633    0.0850
    0.0602    0.1511    0.9867
...     5 G-C ...
    1.3678    1.0192   13.2611
   -0.6862    0.7148   -0.1350
   -0.7271   -0.6678    0.1593
    0.0237    0.2075    0.9779
...     6 A-T ...
    1.5771    1.6279   16.5598
   -0.9775    0.1905   -0.0907
   -0.2054   -0.9574    0.2029
   -0.0482    0.2169    0.9750
...     7 T-A ...
    1.4183    2.9115   19.7431
   -0.9433   -0.3281    0.0504
    0.3311   -0.9190    0.2141
   -0.0240    0.2187    0.9755
...     8 G-C ...
    1.1765    3.3114   23.0993
   -0.5760   -0.8147    0.0674
    0.8104   -0.5583    0.1779
   -0.1073    0.1571    0.9817
...     9 T-A ...
    0.3509    4.1916   26.3197
   -0.0660   -0.9882    0.1384
    0.9902   -0.0477    0.1312
   -0.1230    0.1457    0.9816
...    10 A-T ...
    0.0067    4.5397   29.6238
    0.5413   -0.8345    0.1031
    0.8348    0.5480    0.0522
   -0.1001    0.0578    0.9933
...    11 A-T ...
   -0.4421    4.6246   32.8689
    0.9262   -0.3657    0.0921
    0.3706    0.9278   -0.0434
   -0.0696    0.0743    0.9948
...    12 C-G ...
   -0.4978    4.3360   36.2955
    0.9844    0.1719    0.0376
   -0.1679    0.9816   -0.0915
   -0.0526    0.0838    0.9951
...    13 C-G ...
   -0.3406    4.2392   39.6039
    0.7335    0.6749   -0.0809
   -0.6796    0.7301   -0.0714
    0.0109    0.1073    0.9942
...    14 T-A ...
   -0.0480    4.4194   42.9794
    0.2425    0.9582   -0.1517
   -0.9682    0.2489    0.0243
    0.0611    0.1410    0.9881
...    15 G-C ...
   -0.0404    5.2164   46.2728
   -0.3628    0.9086   -0.2070
   -0.9302   -0.3399    0.1384
    0.0554    0.2428    0.9685
...    16 C-G ...
    0.1892    6.0937   49.5297
   -0.8253    0.5552   -0.1035
   -0.5627   -0.7927    0.2344
    0.0481    0.2517    0.9666
...    17 A-T ...
    0.2847    6.7825   52.8461
   -0.9986   -0.0267   -0.0459
    0.0127   -0.9597    0.2807
   -0.0515    0.2797    0.9587
...    18 G-C ...
   -0.1595    7.8705   56.0290
   -0.8256   -0.5613    0.0568
    0.5560   -0.7922    0.2515
   -0.0962    0.2392    0.9662
...    19 A-T ...
   -0.3738    8.7863   59.2557
   -0.3529   -0.9279    0.1198
    0.9283   -0.3312    0.1692
   -0.1173    0.1709    0.9783
...    20 T-A ...
   -1.3215    9.4448   62.4920
    0.1764   -0.9610    0.2129
    0.9776    0.1964    0.0762
   -0.1151    0.1947    0.9741
...    21 A-T ...
   -1.6071    9.9785   65.7769
    0.7279   -0.6731    0.1312
    0.6820    0.7305   -0.0362
   -0.0714    0.1159    0.9907
...    22 C-G ...
   -1.8785    9.8034   69.2008
    0.9781   -0.1940    0.0747
    0.2013    0.9738   -0.1059
   -0.0522    0.1186    0.9916
...    23 T-A ...
   -2.0553    9.8915   72.5880
    0.9307    0.3635   -0.0402
   -0.3657    0.9264   -0.0894
    0.0047    0.0979    0.9952
...    24 A-T ...
   -1.9407   10.3379   75.8962
    0.5316    0.8295   -0.1715
   -0.8437    0.5365   -0.0202
    0.0753    0.1554    0.9850
...    25 C-G ...
   -1.1203   10.9369   79.1819
    0.0108    0.9846   -0.1747
   -0.9976    0.0226    0.0661
    0.0690    0.1736    0.9824
...    26 C-G ...
   -0.4681   11.7544   82.3261
   -0.5407    0.8236   -0.1712
   -0.8393   -0.5144    0.1762
    0.0571    0.2390    0.9693
...    27 A-T ...
   -0.4026   12.4389   85.6442
   -0.9261    0.3524   -0.1346
   -0.3765   -0.8856    0.2718
   -0.0234    0.3024    0.9529
...    28 A-T ...
   -0.4387   13.5766   88.7172
   -0.9727   -0.2308    0.0259
    0.2289   -0.9340    0.2742
   -0.0391    0.2726    0.9613
...    29 A-T ...
   -0.6233   14.6122   91.8209
   -0.6606   -0.7339    0.1580
    0.7500   -0.6356    0.1831
   -0.0340    0.2394    0.9703
...    30 A-T ...
   -0.8672   15.4815   94.9712
   -0.1051   -0.9714    0.2130
    0.9944   -0.1005    0.0322
   -0.0099    0.2152    0.9765
...    31 G-C ...
   -1.0844   15.9634   98.3227
    0.4538   -0.8805    0.1371
    0.8908    0.4438   -0.0981
    0.0255    0.1667    0.9857
...    32 T-A ...
   -1.5325   16.2888  101.7170
    0.8522   -0.5205    0.0535
    0.5225    0.8410   -0.1404
    0.0281    0.1476    0.9886
...    33 G-C ...
   -1.0697   16.8755  105.0221
    0.9900    0.0431   -0.1343
   -0.0586    0.9917   -0.1141
    0.1283    0.1208    0.9844
...    34 T-A ...
   -0.6248   16.7010  108.4279
    0.8116    0.5537   -0.1861
   -0.5655    0.8247   -0.0122
    0.1467    0.1152    0.9824
...    35 A-T ...
   -0.0678   17.2233  111.6796
    0.3058    0.9208   -0.2422
   -0.9307    0.3427    0.1278
    0.2006    0.1863    0.9618
...    36 T-A ...
    1.1586   17.7684  114.8426
   -0.2160    0.9692   -0.1184
   -0.9558   -0.1851    0.2285
    0.1995    0.1625    0.9663
...    37 T-A ...
    1.9943   18.4884  117.9285
   -0.7298    0.6829    0.0303
   -0.6477   -0.7050    0.2889
    0.2186    0.1913    0.9569
...    38 T-A ...
    2.7445   19.3769  120.9923
   -0.9711    0.1487    0.1865
   -0.0990   -0.9626    0.2520
    0.2171    0.2263    0.9496
...    39 G-C ...
    3.1903   19.9174  124.3077
   -0.8686   -0.4522    0.2025
    0.4816   -0.8667    0.1302
    0.1166    0.2106    0.9706
...    40 G-C ...
    3.1846   20.8683  127.4819
   -0.4699   -0.8650    0.1756
    0.8795   -0.4757    0.0104
    0.0745    0.1594    0.9844
...    41 A-T ...
    3.4781   21.5522  130.7594
    0.1102   -0.9908    0.0786
    0.9900    0.1024   -0.0967
    0.0878    0.0885    0.9922
...    42 A-T ...
    3.6106   21.8050  134.0241
    0.6598   -0.7513   -0.0139
    0.7414    0.6539   -0.1507
    0.1223    0.0891    0.9885
...    43 A-T ...
    3.9071   21.9773  137.2832
    0.9639   -0.2373   -0.1205
    0.2200    0.9652   -0.1411
    0.1498    0.1095    0.9826
...    44 C-G ...
    4.6752   21.8390  140.6326
    0.9338    0.3002   -0.1945
   -0.3174    0.9462   -0.0636
    0.1649    0.1211    0.9788
...    45 T-A ...
    5.3893   21.9754  143.9467
    0.6008    0.7619   -0.2418
   -0.7675    0.6344    0.0921
    0.2236    0.1303    0.9659
...    46 G-C ...
    6.0938   22.7887  147.1599
    0.0278    0.9705   -0.2394
   -0.9656    0.0880    0.2447
    0.2586    0.2244    0.9396
...    47 C-G ...
    7.0279   23.5801  150.3112
   -0.5252    0.8481   -0.0699
   -0.8117   -0.4746    0.3404
    0.2556    0.2355    0.9377
...    48 T-A ...
    8.1084   24.5756  153.3695
   -0.8939    0.4401    0.0848
   -0.3841   -0.8497    0.3612
    0.2310    0.2903    0.9286
...    49 C-G ...
    8.5162   25.6783  156.5181
   -0.9645   -0.1409    0.2232
    0.2038   -0.9349    0.2905
    0.1677    0.3257    0.9305
...    50 C-G ...
    8.7259   27.1048  159.5016
   -0.7044   -0.6492    0.2870
    0.7019   -0.6973    0.1454
    0.1057    0.3039    0.9468
...    51 A-T ...
    9.2363   28.0348  162.7198
   -0.1822   -0.9576    0.2230
    0.9815   -0.1906   -0.0163
    0.0582    0.2159    0.9747
...    52 T-A ...
    8.8729   28.7652  166.0575
    0.3541   -0.9125    0.2050
    0.9335    0.3317   -0.1359
    0.0560    0.2394    0.9693
...    53 C-G ...
    9.2378   29.2253  169.3668
    0.8198   -0.5716    0.0356
    0.5675    0.8025   -0.1841
    0.0767    0.1711    0.9823
...    54 A-T ...
    9.5656   29.9697  172.6563
    0.9845   -0.0230   -0.1738
   -0.0018    0.9899   -0.1414
    0.1753    0.1395    0.9746
...    55 A-T ...
   10.1600   30.2689  175.8651
    0.7984    0.5499   -0.2453
   -0.5752    0.8170   -0.0408
    0.1779    0.1737    0.9686
...    56 A-T ...
   10.8503   30.7192  179.0369
    0.3152    0.9167   -0.2454
   -0.9354    0.3438    0.0828
    0.1602    0.2034    0.9659
...    57 A-T ...
   11.5297   31.3496  182.1802
   -0.2866    0.9421   -0.1740
   -0.9494   -0.2549    0.1837
    0.1287    0.2179    0.9675
...    58 G-C ...
   12.0361   32.3786  185.3734
   -0.7642    0.6366   -0.1038
   -0.6404   -0.7296    0.2401
    0.0771    0.2499    0.9652
...    59 G-C ...
   12.3876   33.6386  188.4178
   -0.9930    0.1164   -0.0197
   -0.1173   -0.9557    0.2698
    0.0126    0.2702    0.9627
...    60 C-G ...
   12.3980   34.6149  191.6545
   -0.8859   -0.4467    0.1253
    0.4639   -0.8536    0.2371
    0.0011    0.2682    0.9634
...    61 A-T ...
   12.5192   35.3884  194.9514
   -0.4558   -0.8787    0.1422
    0.8872   -0.4356    0.1518
   -0.0714    0.1954    0.9781
...    62 T-A ...
   11.7381   36.1929  198.1992
    0.0683   -0.9724    0.2231
    0.9954    0.0813    0.0498
   -0.0665    0.2187    0.9735
...    63 G-C ...
   11.8021   36.6928  201.5501
    0.6319   -0.7666    0.1141
    0.7745    0.6301   -0.0557
   -0.0292    0.1236    0.9919
...    64 T-A ...
   11.2327   36.7600  204.9411
    0.9439   -0.3255    0.0560
    0.3295    0.9397   -0.0922
   -0.0226    0.1055    0.9942
...    65 T-A ...
   11.2275   36.8417  208.2172
    0.9608    0.2771   -0.0130
   -0.2773    0.9581   -0.0723
   -0.0076    0.0731    0.9973
...    66 C-G ...
   11.5625   37.2348  211.5383
    0.6291    0.7697   -0.1082
   -0.7747    0.6323   -0.0067
    0.0633    0.0880    0.9941
...    67 A-T ...
   11.6140   37.6146  214.9051
    0.0625    0.9797   -0.1905
   -0.9930    0.0802    0.0867
    0.1002    0.1837    0.9779
...    68 G-C ...
   12.1247   38.4858  218.1442
   -0.4941    0.8525   -0.1709
   -0.8672   -0.4690    0.1676
    0.0628    0.2310    0.9709
...    69 C-G ...
   12.3702   39.3290  221.4089
   -0.8981    0.4361   -0.0572
   -0.4365   -0.8676    0.2382
    0.0542    0.2389    0.9695
...    70 T-A ...
   12.6312   40.4312  224.6071
   -0.9921   -0.1192    0.0381
    0.1251   -0.9547    0.2699
    0.0042    0.2726    0.9621
...    71 G-C ...
   12.4155   41.0585  227.9302
   -0.7365   -0.6704    0.0907
    0.6704   -0.7054    0.2302
   -0.0903    0.2303    0.9689
...    72 G-C ...
   11.6815   41.9598  231.0331
   -0.2427   -0.9604    0.1370
    0.9628   -0.2212    0.1553
   -0.1188    0.1696    0.9783
...    73 A-T ...
   11.2881   42.6842  234.2915
    0.3577   -0.9248    0.1298
    0.9296    0.3658    0.0443
   -0.0884    0.1048    0.9905
...    74 T-A ...
   10.5164   42.7356  237.6392
    0.7854   -0.5987    0.1571
    0.6104    0.7913   -0.0358
   -0.1028    0.1240    0.9869
...    75 T-A ...
   10.1613   42.8699  240.8943
    0.9943   -0.0318    0.1021
    0.0405    0.9956   -0.0850
   -0.0990    0.0887    0.9911
...    76 C-G ...
   10.2181   43.1969  244.2389
    0.8431    0.5373   -0.0208
   -0.5370    0.8395   -0.0828
   -0.0270    0.0810    0.9963
...    77 C-G ...
   10.5787   43.2473  247.5324
    0.4121    0.9025   -0.1250
   -0.9109    0.4114   -0.0322
    0.0224    0.1271    0.9916
...    78 A-T ...
   10.4762   43.7147  250.8870
   -0.1880    0.9576   -0.2184
   -0.9816   -0.1756    0.0753
    0.0337    0.2286    0.9729
...    79 G-C ...
   10.6933   44.7715  254.1038
   -0.6935    0.6921   -0.2002
   -0.7203   -0.6716    0.1734
   -0.0145    0.2645    0.9643
...    80 C-G ...
   10.6609   45.7338  257.3445
   -0.9789    0.1889   -0.0781
   -0.2029   -0.9442    0.2595
   -0.0247    0.2699    0.9626
...    81 T-A ...
   10.5781   46.9486  260.5113
   -0.9288   -0.3693    0.0326
    0.3616   -0.8831    0.2988
   -0.0816    0.2893    0.9538
...    82 G-C ...
   10.1545   47.5852  263.8125
   -0.5410   -0.8346    0.1035
    0.8252   -0.5031    0.2568
   -0.1622    0.2244    0.9609
...    83 A-T ...
    9.6659   48.4835  267.0142
    0.0382   -0.9861    0.1614
    0.9872    0.0622    0.1468
   -0.1548    0.1538    0.9759
...    84 A-T ...
    9.0033   48.9564  270.1886
    0.6048   -0.7722    0.1947
    0.7872    0.6167    0.0005
   -0.1204    0.1530    0.9809
...    85 C-G ...
    8.4744   48.9201  273.5866
    0.9292   -0.3387    0.1482
    0.3556    0.9284   -0.1077
   -0.1011    0.1528    0.9831
...    86 A-T ...
    8.1585   49.6155  276.8880
    0.9699    0.2405   -0.0384
   -0.2435    0.9593   -0.1432
    0.0024    0.1483    0.9889
...    87 T-A ...
    8.4084   49.6168  280.3149
    0.7031    0.7061   -0.0839
   -0.7108    0.6949   -0.1091
   -0.0187    0.1363    0.9905
...    88 G-C ...
    8.3398   50.4521  283.5981
    0.1674    0.9591   -0.2284
   -0.9854    0.1697   -0.0096
    0.0295    0.2267    0.9735
...    89 C-G ...
    8.5064   51.2459  286.8801
   -0.4186    0.8848   -0.2048
   -0.9077   -0.4007    0.1244
    0.0280    0.2380    0.9709
...    90 C-G ...
    8.8734   52.4276  289.9540
   -0.8476    0.5048   -0.1637
   -0.5306   -0.8126    0.2412
   -0.0113    0.2913    0.9566
...    91 T-A ...
    8.9454   53.6941  293.1008
   -0.9982   -0.0341   -0.0488
    0.0161   -0.9439    0.3298
   -0.0573    0.3284    0.9428
...    92 T-A ...
    8.6029   54.9758  296.0974
   -0.8049   -0.5753    0.1458
    0.5877   -0.7385    0.3305
   -0.0825    0.3517    0.9325
...    93 T-A ...
    8.0778   56.2046  299.0897
   -0.3166   -0.8982    0.3050
    0.9412   -0.2576    0.2184
   -0.1176    0.3562    0.9270
...    94 T-A ...
    7.4319   57.2899  302.1137
    0.2864   -0.8837    0.3701
    0.9463    0.3213    0.0348
   -0.1497    0.3403    0.9283
...    95 G-C ...
    7.2607   58.2878  305.3474
    0.7896   -0.5691    0.2297
    0.6068    0.7799   -0.1536
   -0.0917    0.2606    0.9611
...    96 A-T ...
    6.8112   59.2245  308.5438
    0.9987   -0.0412    0.0312
    0.0479    0.9638   -0.2621
   -0.0193    0.2633    0.9645
...    97 T-A ...
    6.8302   59.5818  311.9611
    0.8782    0.4703   -0.0866
   -0.4763    0.8440   -0.2467
   -0.0430    0.2578    0.9652
...    98 G-C ...
    6.7901   60.8039  315.1213
    0.4466    0.8405   -0.3068
   -0.8943    0.4307   -0.1217
    0.0299    0.3287    0.9440
...    99 G-C ...
    7.3551   61.8870  318.2015
   -0.1176    0.9152   -0.3854
   -0.9925   -0.0948    0.0777
    0.0346    0.3917    0.9195
...   100 A-T ...
    7.5221   63.0642  321.3452
   -0.6636    0.6674   -0.3380
   -0.7479   -0.6023    0.2791
   -0.0173    0.4380    0.8988
...   101 G-C ...
    7.4024   64.8174  324.2475
   -0.9613    0.2044   -0.1849
   -0.2645   -0.8728    0.4101
   -0.0775    0.4431    0.8931
...   102 C-G ...
    7.1184   66.3765  327.2338
   -0.9418   -0.3291    0.0690
    0.3242   -0.8343    0.4460
   -0.0892    0.4424    0.8924
...   103 A-T ...
    6.9116   67.7380  330.3299
   -0.5723   -0.7892    0.2229
    0.8020   -0.4818    0.3530
   -0.1712    0.3808    0.9087
...   104 G-C ...
    6.0541   68.8881  333.4046
   -0.0322   -0.9455    0.3241
    0.9859    0.0233    0.1659
   -0.1644    0.3249    0.9314
...   105 T-A ...
    4.9184   69.9983  336.4550
    0.4900   -0.7977    0.3516
    0.8547    0.5189   -0.0139
   -0.1713    0.3073    0.9360
...   106 T-A ...
    4.2393   70.7630  339.5685
    0.8948   -0.3526    0.2738
    0.4080    0.8948   -0.1813
   -0.1811    0.2739    0.9445
...   107 T-A ...
    3.6913   71.4008  342.7359
    0.9670    0.2281    0.1135
   -0.1905    0.9431   -0.2725
   -0.1692    0.2419    0.9554
...   108 C-G ...
    3.4929   72.3379  345.9575
    0.6929    0.7116   -0.1166
   -0.7144    0.6555   -0.2449
   -0.0979    0.2530    0.9625
...   109 C-G ...
    3.6572   73.0753  349.1838
    0.1941    0.9367   -0.2914
   -0.9791    0.1667   -0.1164
   -0.0605    0.3079    0.9495
...   110 A-T ...
    3.2707   74.1096  352.3874
   -0.3963    0.8274   -0.3980
   -0.9153   -0.3902    0.1002
   -0.0724    0.4040    0.9119
...   111 A-T ...
    3.1706   75.5110  355.3481
   -0.8504    0.4407   -0.2873
   -0.5155   -0.8072    0.2875
   -0.1052    0.3926    0.9137
...   112 A-T ...
    2.8904   76.9332  358.2872
   -0.9893   -0.1154   -0.0888
    0.0740   -0.9235    0.3763
   -0.1254    0.3657    0.9222
...   113 T-A ...
    2.3147   78.6684  361.1964
   -0.8105   -0.5686    0.1406
    0.5767   -0.7325    0.3618
   -0.1028    0.3743    0.9216
...   114 A-T ...
    1.9054   79.7842  364.3179
   -0.3021   -0.9210    0.2460
    0.9403   -0.2456    0.2355
   -0.1564    0.3025    0.9402
...   115 C-G ...
    0.8522   80.5769  367.4944
    0.2368   -0.9189    0.3155
    0.9605    0.2702    0.0660
   -0.1459    0.2874    0.9466
...   116 A-T ...
    0.5197   81.6340  370.6966
    0.7569   -0.6219    0.2008
    0.6471    0.7561   -0.0977
   -0.0910    0.2039    0.9747
...   117 C-G ...
    0.2078   81.7653  374.1191
    0.9851   -0.1386    0.1022
    0.1565    0.9683   -0.1946
   -0.0720    0.2077    0.9755
...   118 T-A ...
   -0.0214   82.1594  377.4812
    0.9130    0.4029   -0.0648
   -0.4078    0.8953   -0.1793
   -0.0142    0.1901    0.9817
...   119 T-A ...
    0.1636   82.6382  380.7179
    0.5093    0.8453   -0.1618
   -0.8604    0.5042   -0.0740
    0.0190    0.1769    0.9840
...   120 T-A ...
    0.4986   83.2300  383.9237
   -0.0819    0.9802   -0.1802
   -0.9952   -0.0707    0.0680
    0.0539    0.1849    0.9813
...   121 T-A ...
    0.8880   83.9987  387.0855
   -0.6424    0.7580   -0.1130
   -0.7624   -0.6172    0.1942
    0.0775    0.2109    0.9744
...   122 G-C ...
    0.7713   84.7432  390.3892
   -0.9670    0.2429   -0.0769
   -0.2546   -0.9328    0.2550
   -0.0098    0.2662    0.9639
...   123 G-C ...
    0.6341   86.0552  393.4289
   -0.9459   -0.3244    0.0110
    0.3154   -0.9104    0.2676
   -0.0768    0.2566    0.9635
...   124 T-A ...
    0.2115   87.4676  396.5360
   -0.6404   -0.7557    0.1375
    0.7620   -0.6027    0.2369
   -0.0962    0.2565    0.9618
...   125 A-T ...
   -0.1385   88.1747  399.7816
   -0.0568   -0.9844    0.1664
    0.9899   -0.0339    0.1376
   -0.1298    0.1725    0.9764
...   126 G-C ...
   -0.7471   88.4987  403.1037
    0.4989   -0.8526    0.1555
    0.8618    0.5071    0.0156
   -0.0922    0.1262    0.9877
...   127 T-A ...
   -1.5780   88.6492  406.4376
    0.8769   -0.4631    0.1286
    0.4724    0.8798   -0.0531
   -0.0885    0.1073    0.9903
...   128 A-T ...
   -1.7182   89.0112  409.7551
    0.9904    0.1372   -0.0141
   -0.1379    0.9863   -0.0905
    0.0015    0.0916    0.9958
...   129 T-A ...
   -1.5271   88.7941  413.1788
    0.7754    0.6304   -0.0357
   -0.6311    0.7719   -0.0766
   -0.0207    0.0819    0.9964
...   130 C-G ...
   -1.3232   89.3456  416.4880
    0.2760    0.9524   -0.1293
   -0.9604    0.2787    0.0027
    0.0386    0.1234    0.9916
...   131 T-A ...
   -0.8790   89.7367  419.8289
   -0.2947    0.9435   -0.1516
   -0.9534   -0.2797    0.1127
    0.0639    0.1778    0.9820
...   132 G-C ...
   -1.0007   90.5104  423.1257
   -0.7919    0.5904   -0.1558
   -0.6106   -0.7634    0.2105
    0.0054    0.2618    0.9651
...   133 C-G ...
   -0.9765   91.4653  426.3687
   -0.9984    0.0532   -0.0204
   -0.0567   -0.9626    0.2650
   -0.0056    0.2658    0.9640
...   134 A-T ...
   -0.9658   92.1914  429.6785
   -0.8446   -0.5339    0.0395
    0.5248   -0.8112    0.2581
   -0.1058    0.2388    0.9653
...   135 G-C ...
   -1.6320   92.9816  432.9101
   -0.4149   -0.9025    0.1156
    0.9015   -0.3907    0.1860
   -0.1227    0.1814    0.9757
...   136 G-C ...
   -2.4977   93.5418  436.0592
    0.1542   -0.9790    0.1332
    0.9801    0.1686    0.1047
   -0.1250    0.1144    0.9855
...   137 T-A ...
   -3.5010   93.8543  439.3339
    0.6454   -0.7477    0.1562
    0.7530    0.6571    0.0345
   -0.1285    0.0954    0.9871
...   138 G-C ...
   -3.5578   94.1547  442.7086
    0.9690   -0.2420    0.0496
    0.2436    0.9694   -0.0295
   -0.0409    0.0407    0.9983
...   139 A-T ...
   -3.8524   94.2965  446.0537
    0.9353    0.3505   -0.0484
   -0.3530    0.9339   -0.0577
    0.0250    0.0710    0.9972
...   140 T-A ...
   -3.4696   94.0621  449.4602
    0.6174    0.7852   -0.0479
   -0.7866    0.6166   -0.0308
    0.0054    0.0567    0.9984
...   141 T-A ...
   -3.1795   94.2266  452.7203
    0.0490    0.9969   -0.0623
   -0.9980    0.0514    0.0380
    0.0410    0.0603    0.9973
...   142 C-G ...
   -3.0669   94.8166  456.0272
   -0.5319    0.8425   -0.0857
   -0.8454   -0.5223    0.1120
    0.0496    0.1320    0.9900
...   143 T-A ...
   -2.6724   95.4768  459.3317
   -0.9086    0.4141   -0.0555
   -0.4170   -0.8908    0.1804
    0.0253    0.1871    0.9820
...   144 C-G ...
   -2.9584   96.2229  462.5963
   -0.9837   -0.1799    0.0021
    0.1758   -0.9585    0.2244
   -0.0384    0.2211    0.9745
...   145 C-G ...
   -3.4168   97.3065  465.6940
   -0.7228   -0.6881    0.0635
    0.6835   -0.6985    0.2119
   -0.1015    0.1966    0.9752
...   146 A-T ...
   -3.6100   97.8748  469.0290
   -0.1872   -0.9794    0.0763
    0.9708   -0.1725    0.1669
   -0.1503    0.1053    0.9830
...   147 G-C ...
   -4.3201   97.9946  472.3446
    0.3806   -0.9198    0.0957
    0.9170    0.3888    0.0893
   -0.1193    0.0538    0.9914
...   148 G-C ...
   -5.0080   97.8100  475.5807
    0.8267   -0.5592    0.0628
    0.5581    0.8290    0.0349
   -0.0715    0.0062    0.9974
...   149 G-C ...
   -5.2936   97.3657  478.8519
    0.9999   -0.0145    0.0051
    0.0144    0.9999    0.0074
   -0.0052   -0.0073    1.0000
...   150 C-G ...
   -5.2726   97.2794  482.2314
    0.8333    0.5527   -0.0028
   -0.5527    0.8333    0.0067
    0.0060   -0.0040    1.0000
...   151 G-C ...
   -5.6103   97.7272  485.7229
    0.3735    0.9250   -0.0700
   -0.9261    0.3762    0.0292
    0.0533    0.0539    0.9971
...   152 G-C ...
   -4.9711   97.9497  488.9666
   -0.1975    0.9742   -0.1088
   -0.9789   -0.1901    0.0752
    0.0526    0.1214    0.9912
...   153 C-G ...
   -4.7415   98.4101  492.3079
   -0.7163    0.6953   -0.0584
   -0.6962   -0.7066    0.1269
    0.0470    0.1316    0.9902
...   154 C-G ...
   -4.4803   99.3233  495.4824
   -0.9817    0.1860   -0.0413
   -0.1903   -0.9680    0.1638
   -0.0095    0.1687    0.9856
...   155 A-T ...
   -4.5073   99.7146  498.8482
   -0.9071   -0.4192   -0.0376
    0.4056   -0.8945    0.1878
   -0.1123    0.1551    0.9815
...   156 G-C ...
   -5.1938  100.2661  502.1249
   -0.5316   -0.8469    0.0119
    0.8358   -0.5223    0.1689
   -0.1369    0.0997    0.9856
...   157 T-A ...
   -6.1358  100.9315  505.3649
   -0.0144   -0.9962    0.0863
    0.9883   -0.0011    0.1526
   -0.1520    0.0875    0.9845
...   158 A-T ...
   -6.5696  101.0880  508.6730
    0.5841   -0.8083    0.0737
    0.8021    0.5887    0.1003
   -0.1245    0.0005    0.9922
...   159 C-G ...
   -7.1265  100.5336  512.0212
    0.9193   -0.3813    0.0971
    0.3791    0.9244    0.0406
   -0.1052   -0.0005    0.9944
...   160 T-A ...
   -7.5408  100.2226  515.3743
    0.9810    0.1853    0.0583
   -0.1868    0.9822    0.0214
   -0.0533   -0.0319    0.9981
...   161 T-A ...
   -7.5234   99.9237  518.6377
    0.6927    0.7191    0.0545
   -0.7208    0.6929    0.0191
   -0.0241   -0.0525    0.9983
...   162 A-T ...
   -7.5642   99.8989  521.9775
    0.1337    0.9905   -0.0318
   -0.9909    0.1341    0.0116
    0.0158    0.0299    0.9994
...   163 C-G ...
   -7.0281  100.3078  525.3499
   -0.4043    0.9138   -0.0393
   -0.9146   -0.4038    0.0201
    0.0025    0.0441    0.9990
...   164 A-T ...
   -7.1661  100.3489  528.7354
   -0.8528    0.5085   -0.1195
   -0.5180   -0.8525    0.0693
   -0.0667    0.1210    0.9904
...   165 T-A ...
   -7.2016  101.2848  532.0413
   -0.9991   -0.0042   -0.0431
   -0.0008   -0.9934    0.1147
   -0.0433    0.1146    0.9925
...   166 G-C ...
   -7.6135  101.4004  535.4027
   -0.8095   -0.5833   -0.0673
    0.5697   -0.8080    0.1505
   -0.1421    0.0835    0.9863
...   167 C-G ...
   -8.1607  101.7087  538.7246
   -0.3448   -0.9385    0.0184
    0.9268   -0.3372    0.1656
   -0.1492    0.0741    0.9860
...   168 G-C ...
   -8.1256  101.8116  542.2592
    0.2496   -0.9676    0.0381
    0.9562    0.2525    0.1481
   -0.1529   -0.0006    0.9882
...   169 G-C ...
   -8.9685  101.4947  545.4480
    0.7409   -0.6700    0.0470
    0.6622    0.7404    0.1156
   -0.1122   -0.0545    0.9922
...   170 C-G ...
   -9.3589  101.2387  548.7963
    0.9866   -0.1342    0.0929
    0.1278    0.9892    0.0723
   -0.1016   -0.0595    0.9930
...   171 G-C ...
   -9.6820  101.6139  552.2977
    0.8910    0.4516    0.0463
   -0.4531    0.8910    0.0292
   -0.0280   -0.0470    0.9985
...   172 G-C ...
   -9.3926  101.1894  555.5712
    0.4983    0.8669   -0.0118
   -0.8668    0.4984    0.0117
    0.0160    0.0044    0.9999
...   173 C-G ...
   -9.2659  101.2082  558.9495
   -0.0784    0.9968   -0.0143
   -0.9967   -0.0781    0.0198
    0.0186    0.0158    0.9997
...   174 C-G ...
   -8.8028  101.5547  562.2122
   -0.6116    0.7886   -0.0636
   -0.7912   -0.6095    0.0502
    0.0008    0.0811    0.9967
...   175 A-T ...
   -8.9164  101.6894  565.5962
   -0.9507    0.2851   -0.1219
   -0.2982   -0.9484    0.1079
   -0.0848    0.1389    0.9867
...   176 G-C ...
   -9.4115  102.3836  568.8802
   -0.9528   -0.2858   -0.1025
    0.2695   -0.9516    0.1479
   -0.1398    0.1133    0.9837
...   177 T-A ...
  -10.0203  103.3335  572.1290
   -0.6695   -0.7425   -0.0221
    0.7256   -0.6600    0.1944
   -0.1590    0.1141    0.9807
...   178 A-T ...
  -10.5866  103.5631  575.4128
   -0.0962   -0.9953    0.0116
    0.9759   -0.0920    0.1979
   -0.1959    0.0303    0.9802
...   179 C-G ...
  -11.7130  103.3383  578.6545
    0.4316   -0.8970    0.0953
    0.8834    0.4417    0.1563
   -0.1823    0.0167    0.9831
...   180 A-T ...
  -12.1900  103.5091  582.0049
    0.8750   -0.4791    0.0696
    0.4713    0.8759    0.1034
   -0.1105   -0.0577    0.9922
...   181 G-C ...
  -12.4022  103.0486  585.3597
    0.9953    0.0792    0.0550
   -0.0814    0.9959    0.0396
   -0.0516   -0.0439    0.9977
...   182 G-C ...
  -12.3211  102.5099  588.6282
    0.7901    0.6130    0.0012
   -0.6130    0.7899    0.0156
    0.0086   -0.0131    0.9999
...   183 A-T ...
  -12.3934  102.3456  591.9844
    0.2977    0.9526   -0.0625
   -0.9543    0.2987    0.0070
    0.0254    0.0575    0.9980
...   184 T-A ...
  -11.7491  102.4819  595.3566
   -0.2393    0.9706   -0.0264
   -0.9706   -0.2385    0.0319
    0.0246    0.0333    0.9991
...   185 G-C ...
  -11.9930  102.7875  598.7226
   -0.7528    0.6503   -0.1018
   -0.6576   -0.7498    0.0732
   -0.0287    0.1221    0.9921
...   186 T-A ...
  -11.6854  103.6259  602.0438
   -0.9851    0.1608   -0.0606
   -0.1675   -0.9772    0.1306
   -0.0382    0.1388    0.9896
...   187 A-T ...
  -11.9598  104.0365  605.3472
   -0.8866   -0.4588   -0.0578
    0.4442   -0.8798    0.1693
   -0.1285    0.1244    0.9839
...   188 A-T ...
  -12.4694  104.5738  608.5395
   -0.4640   -0.8854    0.0286
    0.8782   -0.4556    0.1453
   -0.1156    0.0926    0.9890
...   189 C-G ...
  -13.4169  104.7596  611.8404
    0.0656   -0.9945    0.0822
    0.9920    0.0740    0.1026
   -0.1081    0.0748    0.9913
...   190 C-G ...
  -14.1745  104.7124  615.0658
    0.6039   -0.7946    0.0627
    0.7918    0.6071    0.0666
   -0.0910    0.0094    0.9958
...   191 T-A ...
  -14.6881  104.5069  618.4133
    0.9415   -0.3342    0.0437
    0.3313    0.9415    0.0619
   -0.0618   -0.0438    0.9971
...   192 G-C ...
  -14.5561  104.5258  621.7993
    0.9621    0.2712   -0.0273
   -0.2693    0.9613    0.0576
    0.0419   -0.0481    0.9980
...   193 C-G ...
  -14.3600  104.3152  625.1677
    0.6415    0.7672   -0.0011
   -0.7654    0.6401    0.0664
    0.0517   -0.0417    0.9978
...   194 A-T ...
  -14.3467  104.2573  628.5558
    0.0790    0.9950   -0.0618
   -0.9928    0.0842    0.0854
    0.0901    0.0546    0.9944
...   195 G-C ...
  -13.8656  104.6958  631.8856
   -0.4795    0.8751   -0.0649
   -0.8759   -0.4728    0.0962
    0.0535    0.1030    0.9932
...   196 A-T ...
  -13.5833  104.9226  635.2271
   -0.8951    0.4403   -0.0703
   -0.4457   -0.8883    0.1110
   -0.0136    0.1307    0.9913
...   197 T-A ...
  -13.4834  105.9033  638.5186
   -0.9965   -0.0807    0.0206
    0.0826   -0.9887    0.1249
    0.0103    0.1261    0.9920
...   198 A-T ...
  -13.5785  106.2380  641.8405
   -0.7526   -0.6585    0.0038
    0.6543   -0.7471    0.1169
   -0.0741    0.0905    0.9931
...   199 C-G ...
  -14.3940  106.6281  645.1588
   -0.2981   -0.9534    0.0462
    0.9517   -0.2932    0.0913
   -0.0735    0.0711    0.9948
...   200 T-A ...
  -14.9545  106.8985  648.4941
    0.2731   -0.9610    0.0433
    0.9568    0.2760    0.0915
   -0.0999    0.0165    0.9949
...   201 A-T ...
  -15.1779  106.8437  651.8263
    0.7919   -0.6106    0.0022
    0.6087    0.7897    0.0766
   -0.0485   -0.0593    0.9971
...   202 C-G ...
  -15.3159  106.0716  655.1748
    0.9940   -0.1066    0.0237
    0.1051    0.9928    0.0578
   -0.0297   -0.0549    0.9981
...   203 C-G ...
  -15.1968  105.4426  658.4259
    0.8893    0.4572   -0.0111
   -0.4558    0.8880    0.0613
    0.0378   -0.0494    0.9981
...   204 A-T ...
  -15.1851  105.4150  661.8144
    0.4594    0.8853   -0.0729
   -0.8813    0.4645    0.0868
    0.1107    0.0243    0.9936
...   205 A-T ...
  -14.6733  105.4393  665.0512
   -0.1367    0.9901   -0.0315
   -0.9873   -0.1335    0.0866
    0.0815    0.0430    0.9957
...   206 A-T ...
  -14.2528  105.6217  668.2961
   -0.6836    0.7298    0.0020
   -0.7283   -0.6824    0.0624
    0.0469    0.0412    0.9981
...   207 A-T ...
  -13.9981  105.8799  671.5531
   -0.9796    0.2005    0.0153
   -0.2001   -0.9795    0.0232
    0.0196    0.0197    0.9996
...   208 G-C ...
  -14.1635  106.1534  674.9309
   -0.9298   -0.3664   -0.0346
    0.3666   -0.9304    0.0020
   -0.0329   -0.0108    0.9994
...   209 T-A ...
  -14.4676  106.6723  678.3170
   -0.6005   -0.7986   -0.0407
    0.7979   -0.6017    0.0348
   -0.0523   -0.0116    0.9986
...   210 G-C ...
  -14.5870  106.2579  681.6780
   -0.0269   -0.9934   -0.1117
    0.9958   -0.0364    0.0838
   -0.0873   -0.1089    0.9902
...   211 T-A ...
  -15.4673  105.9344  684.9869
    0.4988   -0.8644   -0.0635
    0.8616    0.4865    0.1447
   -0.0942   -0.1269    0.9874
...   212 A-T ...
  -15.6481  105.4305  688.2838
    0.9166   -0.3965   -0.0516
    0.3990    0.8986    0.1823
   -0.0259   -0.1877    0.9819
...   213 T-A ...
  -15.8537  104.2556  691.5061
    0.9898    0.1222    0.0733
   -0.1334    0.9753    0.1763
   -0.0499   -0.1842    0.9816
...   214 T-A ...
  -15.8360  103.4510  694.6829
    0.7308    0.6645    0.1564
   -0.6823    0.7183    0.1362
   -0.0218   -0.2062    0.9783
...   215 T-A ...
  -15.6413  102.7155  697.8704
    0.2020    0.9585    0.2011
   -0.9793    0.1948    0.0554
    0.0140   -0.2081    0.9780
...   216 G-C ...
  -15.8061  102.3225  701.2321
   -0.3974    0.9123    0.0990
   -0.9176   -0.3956   -0.0383
    0.0042   -0.1060    0.9944
...   217 G-C ...
  -15.4993  102.3369  704.5314
   -0.8334    0.5527   -0.0045
   -0.5509   -0.8313   -0.0737
   -0.0445   -0.0590    0.9973
...   218 A-T ...
  -15.5021  102.0812  707.8826
   -0.9929   -0.0161   -0.1177
    0.0237   -0.9977   -0.0631
   -0.1165   -0.0654    0.9910
...   219 A-T ...
  -15.9077  102.0249  711.1341
   -0.7940   -0.5880   -0.1547
    0.5963   -0.8027   -0.0097
   -0.1184   -0.1000    0.9879
...   220 A-T ...
  -16.4065  101.8128  714.3661
   -0.3008   -0.9412   -0.1540
    0.9484   -0.3121    0.0552
   -0.1000   -0.1294    0.9865
...   221 C-G ...
  -17.2714  101.1626  717.6305
    0.2412   -0.9630   -0.1204
    0.9664    0.2269    0.1212
   -0.0894   -0.1456    0.9853
...   222 T-A ...
  -17.8562  100.5398  720.9141
    0.7331   -0.6755   -0.0793
    0.6750    0.7082    0.2069
   -0.0836   -0.2052    0.9751
...   223 G-C ...
  -17.7597   99.8611  724.2326
    0.9913   -0.1243   -0.0423
    0.1309    0.9604    0.2462
    0.0100   -0.2496    0.9683
...   224 C-G ...
  -17.6946   98.9541  727.4887
    0.8919    0.4425    0.0933
   -0.4517    0.8619    0.2304
    0.0215   -0.2476    0.9686
...   225 T-A ...
  -17.4261   97.8797  730.6958
    0.4989    0.8518    0.1598
   -0.8630    0.4715    0.1814
    0.0792   -0.2285    0.9703
...   226 C-G ...
  -17.0060   97.4678  734.0049
   -0.0884    0.9797    0.1797
   -0.9889   -0.1080    0.1021
    0.1194   -0.1687    0.9784
...   227 C-G ...
  -16.2184   97.2182  737.2139
   -0.6220    0.7696    0.1447
   -0.7765   -0.6300    0.0127
    0.1009   -0.1045    0.9894
...   228 A-T ...
  -15.9904   96.7222  740.5582
   -0.9607    0.2763    0.0270
   -0.2772   -0.9599   -0.0424
    0.0142   -0.0482    0.9987
...   229 T-A ...
  -15.8964   97.1178  743.9700
   -0.9647   -0.2622    0.0244
    0.2605   -0.9638   -0.0568
    0.0384   -0.0484    0.9981
...   230 C-G ...
  -16.1308   96.8126  747.3089
   -0.6436   -0.7622   -0.0688
    0.7646   -0.6443   -0.0151
   -0.0328   -0.0623    0.9975
...   231 A-T ...
  -16.0802   96.5175  750.6842
   -0.0831   -0.9830   -0.1635
    0.9940   -0.0936    0.0573
   -0.0716   -0.1577    0.9849
...   232 A-T ...
  -16.4740   95.9956  753.8954
    0.5079   -0.8527   -0.1224
    0.8606    0.4961    0.1150
   -0.0374   -0.1637    0.9858
...   233 A-T ...
  -16.7222   95.3633  757.1013
    0.9124   -0.4056   -0.0555
    0.4093    0.9018    0.1384
   -0.0061   -0.1489    0.9888
...   234 A-T ...
  -16.7881   94.7243  760.3149
    0.9811    0.1933    0.0125
   -0.1934    0.9739    0.1186
    0.0107   -0.1188    0.9929
...   235 G-C ...
  -16.4582   94.2224  763.6542
    0.7151    0.6989    0.0154
   -0.6974    0.7118    0.0835
    0.0474   -0.0705    0.9964
...   236 G-C ...
  -15.8587   93.8488  766.8916
    0.2130    0.9770   -0.0077
   -0.9743    0.2129    0.0740
    0.0739   -0.0082    0.9972
...   237 C-G ...
  -15.5410   93.8468  770.2573
   -0.3752    0.9266    0.0242
   -0.9241   -0.3760    0.0689
    0.0729    0.0034    0.9973
...   238 A-T ...
  -15.4436   93.7548  773.6433
   -0.8415    0.5388   -0.0397
   -0.5403   -0.8383    0.0728
    0.0060    0.0828    0.9966
...   239 T-A ...
  -15.2195   94.5566  776.9768
   -0.9992    0.0283    0.0271
   -0.0261   -0.9967    0.0764
    0.0291    0.0756    0.9967
...   240 G-C ...
  -15.3942   94.5485  780.3609
   -0.8313   -0.5549   -0.0325
    0.5513   -0.8305    0.0790
   -0.0709    0.0477    0.9963
...   241 T-A ...
  -15.9380   95.2119  783.6913
   -0.4194   -0.9078    0.0014
    0.9034   -0.4172    0.0994
   -0.0896    0.0429    0.9951
...   242 T-A ...
  -16.4996   95.3088  786.9185
    0.1805   -0.9821    0.0532
    0.9758    0.1856    0.1155
   -0.1233    0.0311    0.9919
...   243 C-G ...
  -16.7987   95.0399  790.2554
    0.7118   -0.7003    0.0535
    0.6929    0.7127    0.1096
   -0.1149   -0.0410    0.9925
...   244 A-T ...
  -17.0925   95.0557  793.6311
    0.9874   -0.1582    0.0079
    0.1568    0.9836    0.0894
   -0.0219   -0.0870    0.9960
...   245 G-C ...
  -16.9260   94.5654  796.9843
    0.9129    0.4081   -0.0045
   -0.4071    0.9113    0.0615
    0.0292   -0.0543    0.9981
...   246 C-G ...
  -16.7662   94.3424  800.3539
    0.5232    0.8520    0.0198
   -0.8513    0.5215    0.0568
    0.0380   -0.0466    0.9982
...   247 T-A ...
  -16.3421   94.0781  803.7098
   -0.0283    0.9996    0.0023
   -0.9966   -0.0284    0.0771
    0.0771   -0.0001    0.9970
...   248 G-C ...
  -16.3602   94.3358  807.0885
   -0.6011    0.7975   -0.0523
   -0.7980   -0.5954    0.0938
    0.0436    0.0981    0.9942
...   249 G-C ...
  -16.0178   95.0774  810.2998
   -0.9407    0.3341   -0.0586
   -0.3389   -0.9332    0.1196
   -0.0147    0.1323    0.9911
...   250 A-T ...
  -15.9112   95.5011  813.6323
   -0.9623   -0.2670   -0.0516
    0.2589   -0.9576    0.1265
   -0.0832    0.1084    0.9906
...   251 T-A ...
  -16.4426   96.3659  816.9148
   -0.6906   -0.7218    0.0446
    0.7205   -0.6814    0.1285
   -0.0624    0.1209    0.9907
...   252 T-A ...
  -16.9150   96.8056  820.1278
   -0.1467   -0.9836    0.1053
    0.9843   -0.1346    0.1141
   -0.0981    0.1204    0.9879
...   253 C-G ...
  -17.2564   96.8204  823.4714
    0.4473   -0.8893    0.0956
    0.8872    0.4547    0.0787
   -0.1135    0.0496    0.9923
...   254 C-G ...
  -17.8871   96.5567  826.7136
    0.8656   -0.4970    0.0608
    0.4955    0.8677    0.0394
   -0.0724   -0.0039    0.9974
...   255 A-T ...
  -18.0783   96.7174  830.0930
    0.9954    0.0924   -0.0268
   -0.0916    0.9954    0.0277
    0.0292   -0.0251    0.9993
...   256 G-C ...
  -17.6979   96.5015  833.4576
    0.7813    0.6205   -0.0673
   -0.6201    0.7840    0.0287
    0.0706    0.0193    0.9973
...   257 C-G ...
  -17.3905   96.5434  836.8240
    0.2939    0.9545   -0.0505
   -0.9527    0.2967    0.0652
    0.0772    0.0289    0.9966
...   258 T-A ...
  -16.8173   96.6100  840.1675
   -0.2774    0.9594   -0.0519
   -0.9552   -0.2696    0.1223
    0.1034    0.0835    0.9911
...   259 G-C ...
  -16.8020   97.0731  843.5242
   -0.7827    0.6185   -0.0699
   -0.6207   -0.7672    0.1616
    0.0463    0.1699    0.9844
...   260 A-T ...
  -16.5055   97.5738  846.8345
   -0.9977    0.0577   -0.0365
   -0.0630   -0.9838    0.1676
   -0.0262    0.1695    0.9852
...   261 A-T ...
  -16.6021   98.2859  850.0319
   -0.8499   -0.5250    0.0450
    0.5260   -0.8402    0.1316
   -0.0313    0.1355    0.9903
...   262 C-G ...
  -17.2522   98.9187  853.3492
   -0.4489   -0.8891    0.0890
    0.8929   -0.4426    0.0823
   -0.0338    0.1164    0.9926
...   263 A-T ...
  -17.1898   99.2692  856.7190
    0.1489   -0.9886    0.0211
    0.9876    0.1497    0.0466
   -0.0493    0.0139    0.9987
...   264 T-A ...
  -17.8839   99.1242  860.0810
    0.6378   -0.7674    0.0656
    0.7679    0.6402    0.0224
   -0.0592    0.0361    0.9976
...   265 G-C ...
  -17.7053   99.2151  863.4636
    0.9646   -0.2618   -0.0322
    0.2623    0.9649    0.0128
    0.0277   -0.0208    0.9994
...   266 C-G ...
  -17.5895   99.0756  866.8395
    0.9438    0.3290   -0.0305
   -0.3281    0.9441    0.0322
    0.0394   -0.0204    0.9990
...   267 C-G ...
  -17.0737   98.6948  870.0904
    0.6062    0.7922   -0.0703
   -0.7892    0.6102    0.0695
    0.0979    0.0134    0.9951
...   268 T-A ...
  -16.4611   98.6020  873.4263
    0.0723    0.9952   -0.0661
   -0.9873    0.0808    0.1367
    0.1413    0.0554    0.9884
...   269 T-A ...
  -15.7643   98.9157  876.6131
   -0.5125    0.8585    0.0198
   -0.8420   -0.5069    0.1846
    0.1685    0.0780    0.9826
...   270 T-A ...
  -15.1007   99.4159  879.7831
   -0.9058    0.4070    0.1175
   -0.3847   -0.9065    0.1740
    0.1774    0.1124    0.9777
...   271 T-A ...
  -14.5718  100.0505  882.9543
   -0.9625   -0.1925    0.1912
    0.2157   -0.9704    0.1086
    0.1646    0.1458    0.9755
...   272 G-C ...
  -14.2150  100.2271  886.3194
   -0.6763   -0.7265    0.1216
    0.7328   -0.6804    0.0108
    0.0749    0.0964    0.9925
...   273 A-T ...
  -13.8836  100.6852  889.6326
   -0.1424   -0.9892    0.0340
    0.9873   -0.1444   -0.0656
    0.0698    0.0242    0.9973
...   274 T-A ...
  -14.2062  100.7369  893.0529
    0.3914   -0.9200    0.0184
    0.9178    0.3889   -0.0803
    0.0667    0.0483    0.9966
...   275 G-C ...
  -13.6287  100.7602  896.3918
    0.8374   -0.5311   -0.1292
    0.5302    0.8467   -0.0444
    0.1330   -0.0314    0.9906
...   276 G-C ...
  -13.2295  100.1915  899.6317
    0.9800    0.0211   -0.1980
   -0.0123    0.9989    0.0459
    0.1988   -0.0426    0.9791
...   277 A-T ...
  -12.7125  100.0123  902.9479
    0.7813    0.5888   -0.2069
   -0.5705    0.8083    0.1458
    0.2530    0.0041    0.9674
...   278 G-C ...
  -11.5586  100.0579  906.1382
    0.3282    0.9323   -0.1519
   -0.9067    0.3560    0.2262
    0.2650    0.0635    0.9622
...   279 C-G ...
  -10.5947  100.2876  909.3705
   -0.2441    0.9697   -0.0084
   -0.9327   -0.2324    0.2758
    0.2655    0.0751    0.9612
...   280 A-T ...
   -9.8526  100.4619  912.6722
   -0.7588    0.6490    0.0557
   -0.6165   -0.7432    0.2599
    0.2101    0.1629    0.9640
...   281 G-C ...
   -9.2500  101.3027  915.9035
   -0.9831    0.1289    0.1302
   -0.1046   -0.9783    0.1786
    0.1504    0.1620    0.9753
...   282 T-A ...
   -8.6548  102.4234  919.1000
   -0.8945   -0.4036    0.1924
